 999
 -1.  0.418 -4.99
 -9.8898E-01  3.6296E-01
 -9.7796E-01  3.0786E-01
 -9.6693E-01  2.5274E-01
 -9.5591E-01  1.9764E-01
 -9.4489E-01  1.4261E-01
 -9.3387E-01  8.7685E-02
 -9.2285E-01  3.2904E-02
 -9.1182E-01 -2.1690E-02
 -9.0080E-01 -7.6056E-02
 -8.8978E-01 -1.3015E-01
 -8.7876E-01 -1.8393E-01
 -8.6774E-01 -2.3733E-01
 -8.5671E-01 -2.9030E-01
 -8.4569E-01 -3.4278E-01
 -8.3467E-01 -3.9473E-01
 -8.2365E-01 -4.4608E-01
 -8.1263E-01 -4.9678E-01
 -8.0160E-01 -5.4679E-01
 -7.9058E-01 -5.9604E-01
 -7.7956E-01 -6.4448E-01
 -7.6854E-01 -6.9208E-01
 -7.5752E-01 -7.3877E-01
 -7.4649E-01 -7.8452E-01
 -7.3547E-01 -8.2927E-01
 -7.2445E-01 -8.7299E-01
 -7.1343E-01 -9.1561E-01
 -7.0240E-01 -9.5710E-01
 -6.9138E-01 -9.9741E-01
 -6.8036E-01 -1.0365E+00
 -6.6934E-01 -1.0743E+00
 -6.5832E-01 -1.1109E+00
 -6.4729E-01 -1.1460E+00
 -6.3627E-01 -1.1799E+00
 -6.2525E-01 -1.2123E+00
 -6.1423E-01 -1.2432E+00
 -6.0321E-01 -1.2727E+00
 -5.9218E-01 -1.3007E+00
 -5.8116E-01 -1.3271E+00
 -5.7014E-01 -1.3521E+00
 -5.5912E-01 -1.3756E+00
 -5.4810E-01 -1.3976E+00
 -5.3707E-01 -1.4183E+00
 -5.2605E-01 -1.4376E+00
 -5.1503E-01 -1.4556E+00
 -5.0401E-01 -1.4723E+00
 -4.9299E-01 -1.4876E+00
 -4.8196E-01 -1.5018E+00
 -4.7094E-01 -1.5147E+00
 -4.5992E-01 -1.5264E+00
 -4.4890E-01 -1.5369E+00
 -4.3788E-01 -1.5462E+00
 -4.2685E-01 -1.5545E+00
 -4.1583E-01 -1.5616E+00
 -4.0481E-01 -1.5677E+00
 -3.9379E-01 -1.5727E+00
 -3.8277E-01 -1.5767E+00
 -3.7174E-01 -1.5798E+00
 -3.6072E-01 -1.5821E+00
 -3.4970E-01 -1.5836E+00
 -3.3868E-01 -1.5844E+00
 -3.2766E-01 -1.5846E+00
 -3.1663E-01 -1.5843E+00
 -3.0561E-01 -1.5835E+00
 -2.9459E-01 -1.5824E+00
 -2.8357E-01 -1.5809E+00
 -2.7255E-01 -1.5792E+00
 -2.6152E-01 -1.5773E+00
 -2.5050E-01 -1.5753E+00
 -2.3948E-01 -1.5732E+00
 -2.2846E-01 -1.5711E+00
 -2.1743E-01 -1.5690E+00
 -2.0641E-01 -1.5671E+00
 -1.9539E-01 -1.5653E+00
 -1.8437E-01 -1.5637E+00
 -1.7335E-01 -1.5624E+00
 -1.6232E-01 -1.5615E+00
 -1.5130E-01 -1.5608E+00
 -1.4028E-01 -1.5606E+00
 -1.2926E-01 -1.5609E+00
 -1.1824E-01 -1.5616E+00
 -1.0721E-01 -1.5629E+00
 -9.6192E-02 -1.5647E+00
 -8.5170E-02 -1.5672E+00
 -7.4148E-02 -1.5704E+00
 -6.3126E-02 -1.5745E+00
 -5.2104E-02 -1.5794E+00
 -4.1082E-02 -1.5854E+00
 -3.0060E-02 -1.5925E+00
 -1.9038E-02 -1.6007E+00
 -8.0160E-03 -1.6102E+00
  3.0060E-03 -1.6211E+00
  1.4028E-02 -1.6334E+00
  2.5050E-02 -1.6471E+00
  3.6072E-02 -1.6623E+00
  4.7094E-02 -1.6789E+00
  5.8116E-02 -1.6969E+00
  6.9138E-02 -1.7162E+00
  8.0160E-02 -1.7370E+00
  9.1182E-02 -1.7592E+00
  1.0220E-01 -1.7828E+00
  1.1323E-01 -1.8078E+00
  1.2425E-01 -1.8342E+00
  1.3527E-01 -1.8621E+00
  1.4629E-01 -1.8915E+00
  1.5731E-01 -1.9224E+00
  1.6834E-01 -1.9548E+00
  1.7936E-01 -1.9889E+00
  1.9038E-01 -2.0245E+00
  2.0140E-01 -2.0618E+00
  2.1242E-01 -2.1008E+00
  2.2345E-01 -2.1414E+00
  2.3447E-01 -2.1837E+00
  2.4549E-01 -2.2276E+00
  2.5651E-01 -2.2731E+00
  2.6754E-01 -2.3202E+00
  2.7856E-01 -2.3689E+00
  2.8958E-01 -2.4191E+00
  3.0060E-01 -2.4709E+00
  3.1162E-01 -2.5242E+00
  3.2265E-01 -2.5789E+00
  3.3367E-01 -2.6351E+00
  3.4469E-01 -2.6927E+00
  3.5571E-01 -2.7516E+00
  3.6673E-01 -2.8119E+00
  3.7776E-01 -2.8733E+00
  3.8878E-01 -2.9360E+00
  3.9980E-01 -2.9998E+00
  4.1082E-01 -3.0648E+00
  4.2184E-01 -3.1308E+00
  4.3287E-01 -3.1978E+00
  4.4389E-01 -3.2657E+00
  4.5491E-01 -3.3345E+00
  4.6593E-01 -3.4041E+00
  4.7695E-01 -3.4745E+00
  4.8798E-01 -3.5457E+00
  4.9900E-01 -3.6174E+00
  5.1002E-01 -3.6898E+00
  5.2104E-01 -3.7627E+00
  5.3206E-01 -3.8360E+00
  5.4309E-01 -3.9096E+00
  5.5411E-01 -3.9835E+00
  5.6513E-01 -4.0576E+00
  5.7615E-01 -4.1317E+00
  5.8717E-01 -4.2059E+00
  5.9820E-01 -4.2799E+00
  6.0922E-01 -4.3537E+00
  6.2024E-01 -4.4273E+00
  6.3126E-01 -4.5005E+00
  6.4228E-01 -4.5733E+00
  6.5331E-01 -4.6454E+00
  6.6433E-01 -4.7170E+00
  6.7535E-01 -4.7878E+00
  6.8637E-01 -4.8578E+00
  6.9739E-01 -4.9268E+00
  7.0842E-01 -4.9949E+00
  7.1944E-01 -5.0618E+00
  7.3046E-01 -5.1277E+00
  7.4148E-01 -5.1923E+00
  7.5251E-01 -5.2557E+00
  7.6353E-01 -5.3177E+00
  7.7455E-01 -5.3784E+00
  7.8557E-01 -5.4377E+00
  7.9659E-01 -5.4955E+00
  8.0762E-01 -5.5517E+00
  8.1864E-01 -5.6063E+00
  8.2966E-01 -5.6593E+00
  8.4068E-01 -5.7106E+00
  8.5170E-01 -5.7602E+00
  8.6273E-01 -5.8080E+00
  8.7375E-01 -5.8540E+00
  8.8477E-01 -5.8981E+00
  8.9579E-01 -5.9404E+00
  9.0681E-01 -5.9807E+00
  9.1784E-01 -6.0191E+00
  9.2886E-01 -6.0555E+00
  9.3988E-01 -6.0899E+00
  9.5090E-01 -6.1224E+00
  9.6192E-01 -6.1529E+00
  9.7295E-01 -6.1814E+00
  9.8397E-01 -6.2079E+00
  9.9499E-01 -6.2325E+00
  1.0060E+00 -6.2551E+00
  1.0170E+00 -6.2756E+00
  1.0281E+00 -6.2942E+00
  1.0391E+00 -6.3108E+00
  1.0501E+00 -6.3254E+00
  1.0611E+00 -6.3381E+00
  1.0721E+00 -6.3488E+00
  1.0832E+00 -6.3575E+00
  1.0942E+00 -6.3642E+00
  1.1052E+00 -6.3690E+00
  1.1162E+00 -6.3719E+00
  1.1273E+00 -6.3728E+00
  1.1383E+00 -6.3719E+00
  1.1493E+00 -6.3692E+00
  1.1603E+00 -6.3646E+00
  1.1713E+00 -6.3583E+00
  1.1824E+00 -6.3503E+00
  1.1934E+00 -6.3406E+00
  1.2044E+00 -6.3293E+00
  1.2154E+00 -6.3163E+00
  1.2265E+00 -6.3017E+00
  1.2375E+00 -6.2855E+00
  1.2485E+00 -6.2678E+00
  1.2595E+00 -6.2486E+00
  1.2705E+00 -6.2278E+00
  1.2816E+00 -6.2055E+00
  1.2926E+00 -6.1818E+00
  1.3036E+00 -6.1566E+00
  1.3146E+00 -6.1300E+00
  1.3257E+00 -6.1020E+00
  1.3367E+00 -6.0726E+00
  1.3477E+00 -6.0420E+00
  1.3587E+00 -6.0100E+00
  1.3697E+00 -5.9769E+00
  1.3808E+00 -5.9426E+00
  1.3918E+00 -5.9071E+00
  1.4028E+00 -5.8706E+00
  1.4138E+00 -5.8330E+00
  1.4248E+00 -5.7944E+00
  1.4359E+00 -5.7547E+00
  1.4469E+00 -5.7140E+00
  1.4579E+00 -5.6724E+00
  1.4689E+00 -5.6299E+00
  1.4800E+00 -5.5864E+00
  1.4910E+00 -5.5420E+00
  1.5020E+00 -5.4967E+00
  1.5130E+00 -5.4506E+00
  1.5240E+00 -5.4036E+00
  1.5351E+00 -5.3559E+00
  1.5461E+00 -5.3074E+00
  1.5571E+00 -5.2583E+00
  1.5681E+00 -5.2084E+00
  1.5792E+00 -5.1580E+00
  1.5902E+00 -5.1069E+00
  1.6012E+00 -5.0553E+00
  1.6122E+00 -5.0032E+00
  1.6232E+00 -4.9507E+00
  1.6343E+00 -4.8976E+00
  1.6453E+00 -4.8441E+00
  1.6563E+00 -4.7902E+00
  1.6673E+00 -4.7359E+00
  1.6784E+00 -4.6813E+00
  1.6894E+00 -4.6263E+00
  1.7004E+00 -4.5710E+00
  1.7114E+00 -4.5154E+00
  1.7224E+00 -4.4595E+00
  1.7335E+00 -4.4033E+00
  1.7445E+00 -4.3469E+00
  1.7555E+00 -4.2902E+00
  1.7665E+00 -4.2332E+00
  1.7776E+00 -4.1761E+00
  1.7886E+00 -4.1187E+00
  1.7996E+00 -4.0611E+00
  1.8106E+00 -4.0033E+00
  1.8216E+00 -3.9454E+00
  1.8327E+00 -3.8873E+00
  1.8437E+00 -3.8292E+00
  1.8547E+00 -3.7710E+00
  1.8657E+00 -3.7129E+00
  1.8768E+00 -3.6549E+00
  1.8878E+00 -3.5970E+00
  1.8988E+00 -3.5393E+00
  1.9098E+00 -3.4818E+00
  1.9208E+00 -3.4245E+00
  1.9319E+00 -3.3675E+00
  1.9429E+00 -3.3108E+00
  1.9539E+00 -3.2544E+00
  1.9649E+00 -3.1983E+00
  1.9760E+00 -3.1425E+00
  1.9870E+00 -3.0870E+00
  1.9980E+00 -3.0320E+00
  2.0090E+00 -2.9773E+00
  2.0200E+00 -2.9230E+00
  2.0311E+00 -2.8691E+00
  2.0421E+00 -2.8157E+00
  2.0531E+00 -2.7628E+00
  2.0641E+00 -2.7103E+00
  2.0752E+00 -2.6583E+00
  2.0862E+00 -2.6068E+00
  2.0972E+00 -2.5559E+00
  2.1082E+00 -2.5055E+00
  2.1192E+00 -2.4557E+00
  2.1303E+00 -2.4064E+00
  2.1413E+00 -2.3578E+00
  2.1523E+00 -2.3097E+00
  2.1633E+00 -2.2623E+00
  2.1743E+00 -2.2155E+00
  2.1854E+00 -2.1693E+00
  2.1964E+00 -2.1238E+00
  2.2074E+00 -2.0789E+00
  2.2184E+00 -2.0347E+00
  2.2295E+00 -1.9911E+00
  2.2405E+00 -1.9484E+00
  2.2515E+00 -1.9063E+00
  2.2625E+00 -1.8651E+00
  2.2735E+00 -1.8246E+00
  2.2846E+00 -1.7850E+00
  2.2956E+00 -1.7463E+00
  2.3066E+00 -1.7084E+00
  2.3176E+00 -1.6714E+00
  2.3287E+00 -1.6353E+00
  2.3397E+00 -1.6001E+00
  2.3507E+00 -1.5658E+00
  2.3617E+00 -1.5324E+00
  2.3727E+00 -1.4998E+00
  2.3838E+00 -1.4681E+00
  2.3948E+00 -1.4373E+00
  2.4058E+00 -1.4073E+00
  2.4168E+00 -1.3782E+00
  2.4279E+00 -1.3498E+00
  2.4389E+00 -1.3223E+00
  2.4499E+00 -1.2955E+00
  2.4609E+00 -1.2694E+00
  2.4719E+00 -1.2439E+00
  2.4830E+00 -1.2191E+00
  2.4940E+00 -1.1950E+00
  2.5050E+00 -1.1713E+00
  2.5160E+00 -1.1483E+00
  2.5271E+00 -1.1257E+00
  2.5381E+00 -1.1037E+00
  2.5491E+00 -1.0822E+00
  2.5601E+00 -1.0611E+00
  2.5711E+00 -1.0406E+00
  2.5822E+00 -1.0205E+00
  2.5932E+00 -1.0008E+00
  2.6042E+00 -9.8162E-01
  2.6152E+00 -9.6281E-01
  2.6263E+00 -9.4441E-01
  2.6373E+00 -9.2639E-01
  2.6483E+00 -9.0875E-01
  2.6593E+00 -8.9146E-01
  2.6703E+00 -8.7452E-01
  2.6814E+00 -8.5791E-01
  2.6924E+00 -8.4162E-01
  2.7034E+00 -8.2562E-01
  2.7144E+00 -8.0991E-01
  2.7255E+00 -7.9448E-01
  2.7365E+00 -7.7930E-01
  2.7475E+00 -7.6436E-01
  2.7585E+00 -7.4966E-01
  2.7695E+00 -7.3518E-01
  2.7806E+00 -7.2092E-01
  2.7916E+00 -7.0689E-01
  2.8026E+00 -6.9308E-01
  2.8136E+00 -6.7950E-01
  2.8246E+00 -6.6615E-01
  2.8357E+00 -6.5302E-01
  2.8467E+00 -6.4012E-01
  2.8577E+00 -6.2744E-01
  2.8687E+00 -6.1499E-01
  2.8798E+00 -6.0276E-01
  2.8908E+00 -5.9076E-01
  2.9018E+00 -5.7898E-01
  2.9128E+00 -5.6743E-01
  2.9238E+00 -5.5610E-01
  2.9349E+00 -5.4500E-01
  2.9459E+00 -5.3412E-01
  2.9569E+00 -5.2347E-01
  2.9679E+00 -5.1305E-01
  2.9790E+00 -5.0285E-01
  2.9900E+00 -4.9287E-01
  3.0010E+00 -4.8312E-01
  3.0120E+00 -4.7360E-01
  3.0230E+00 -4.6429E-01
  3.0341E+00 -4.5520E-01
  3.0451E+00 -4.4633E-01
  3.0561E+00 -4.3765E-01
  3.0671E+00 -4.2918E-01
  3.0782E+00 -4.2091E-01
  3.0892E+00 -4.1283E-01
  3.1002E+00 -4.0494E-01
  3.1112E+00 -3.9723E-01
  3.1222E+00 -3.8971E-01
  3.1333E+00 -3.8235E-01
  3.1443E+00 -3.7517E-01
  3.1553E+00 -3.6815E-01
  3.1663E+00 -3.6129E-01
  3.1774E+00 -3.5459E-01
  3.1884E+00 -3.4804E-01
  3.1994E+00 -3.4164E-01
  3.2104E+00 -3.3538E-01
  3.2214E+00 -3.2925E-01
  3.2325E+00 -3.2326E-01
  3.2435E+00 -3.1740E-01
  3.2545E+00 -3.1167E-01
  3.2655E+00 -3.0605E-01
  3.2766E+00 -3.0055E-01
  3.2876E+00 -2.9517E-01
  3.2986E+00 -2.8991E-01
  3.3096E+00 -2.8475E-01
  3.3206E+00 -2.7970E-01
  3.3317E+00 -2.7476E-01
  3.3427E+00 -2.6993E-01
  3.3537E+00 -2.6519E-01
  3.3647E+00 -2.6056E-01
  3.3758E+00 -2.5603E-01
  3.3868E+00 -2.5159E-01
  3.3978E+00 -2.4724E-01
  3.4088E+00 -2.4299E-01
  3.4198E+00 -2.3882E-01
  3.4309E+00 -2.3475E-01
  3.4419E+00 -2.3075E-01
  3.4529E+00 -2.2684E-01
  3.4639E+00 -2.2301E-01
  3.4749E+00 -2.1925E-01
  3.4860E+00 -2.1558E-01
  3.4970E+00 -2.1197E-01
  3.5080E+00 -2.0844E-01
  3.5190E+00 -2.0497E-01
  3.5301E+00 -2.0158E-01
  3.5411E+00 -1.9825E-01
  3.5521E+00 -1.9499E-01
  3.5631E+00 -1.9179E-01
  3.5741E+00 -1.8867E-01
  3.5852E+00 -1.8560E-01
  3.5962E+00 -1.8260E-01
  3.6072E+00 -1.7967E-01
  3.6182E+00 -1.7680E-01
  3.6293E+00 -1.7398E-01
  3.6403E+00 -1.7123E-01
  3.6513E+00 -1.6854E-01
  3.6623E+00 -1.6591E-01
  3.6733E+00 -1.6334E-01
  3.6844E+00 -1.6082E-01
  3.6954E+00 -1.5837E-01
  3.7064E+00 -1.5596E-01
  3.7174E+00 -1.5362E-01
  3.7285E+00 -1.5133E-01
  3.7395E+00 -1.4909E-01
  3.7505E+00 -1.4690E-01
  3.7615E+00 -1.4477E-01
  3.7725E+00 -1.4269E-01
  3.7836E+00 -1.4065E-01
  3.7946E+00 -1.3867E-01
  3.8056E+00 -1.3673E-01
  3.8166E+00 -1.3484E-01
  3.8277E+00 -1.3299E-01
  3.8387E+00 -1.3119E-01
  3.8497E+00 -1.2943E-01
  3.8607E+00 -1.2771E-01
  3.8717E+00 -1.2603E-01
  3.8828E+00 -1.2438E-01
  3.8938E+00 -1.2278E-01
  3.9048E+00 -1.2121E-01
  3.9158E+00 -1.1968E-01
  3.9269E+00 -1.1818E-01
  3.9379E+00 -1.1671E-01
  3.9489E+00 -1.1528E-01
  3.9599E+00 -1.1387E-01
  3.9709E+00 -1.1250E-01
  3.9820E+00 -1.1115E-01
  3.9930E+00 -1.0983E-01
  4.0040E+00 -1.0853E-01
  4.0150E+00 -1.0726E-01
  4.0261E+00 -1.0601E-01
  4.0371E+00 -1.0478E-01
  4.0481E+00 -1.0358E-01
  4.0591E+00 -1.0240E-01
  4.0701E+00 -1.0124E-01
  4.0812E+00 -1.0010E-01
  4.0922E+00 -9.8984E-02
  4.1032E+00 -9.7886E-02
  4.1142E+00 -9.6807E-02
  4.1253E+00 -9.5746E-02
  4.1363E+00 -9.4703E-02
  4.1473E+00 -9.3678E-02
  4.1583E+00 -9.2670E-02
  4.1693E+00 -9.1678E-02
  4.1804E+00 -9.0702E-02
  4.1914E+00 -8.9741E-02
  4.2024E+00 -8.8794E-02
  4.2134E+00 -8.7862E-02
  4.2244E+00 -8.6944E-02
  4.2355E+00 -8.6038E-02
  4.2465E+00 -8.5145E-02
  4.2575E+00 -8.4263E-02
  4.2685E+00 -8.3393E-02
  4.2796E+00 -8.2534E-02
  4.2906E+00 -8.1684E-02
  4.3016E+00 -8.0845E-02
  4.3126E+00 -8.0014E-02
  4.3236E+00 -7.9191E-02
  4.3347E+00 -7.8377E-02
  4.3457E+00 -7.7570E-02
  4.3567E+00 -7.6769E-02
  4.3677E+00 -7.5975E-02
  4.3788E+00 -7.5187E-02
  4.3898E+00 -7.4403E-02
  4.4008E+00 -7.3624E-02
  4.4118E+00 -7.2849E-02
  4.4228E+00 -7.2077E-02
  4.4339E+00 -7.1308E-02
  4.4449E+00 -7.0541E-02
  4.4559E+00 -6.9776E-02
  4.4669E+00 -6.9012E-02
  4.4780E+00 -6.8248E-02
  4.4890E+00 -6.7484E-02
  4.5000E+00 -6.6720E-02
  4.5110E+00 -6.5955E-02
  4.5220E+00 -6.5189E-02
  4.5331E+00 -6.4423E-02
  4.5441E+00 -6.3657E-02
  4.5551E+00 -6.2891E-02
  4.5661E+00 -6.2127E-02
  4.5772E+00 -6.1365E-02
  4.5882E+00 -6.0605E-02
  4.5992E+00 -5.9847E-02
  4.6102E+00 -5.9093E-02
  4.6212E+00 -5.8342E-02
  4.6323E+00 -5.7596E-02
  4.6433E+00 -5.6853E-02
  4.6543E+00 -5.6116E-02
  4.6653E+00 -5.5385E-02
  4.6764E+00 -5.4659E-02
  4.6874E+00 -5.3940E-02
  4.6984E+00 -5.3228E-02
  4.7094E+00 -5.2523E-02
  4.7204E+00 -5.1826E-02
  4.7315E+00 -5.1138E-02
  4.7425E+00 -5.0458E-02
  4.7535E+00 -4.9788E-02
  4.7645E+00 -4.9127E-02
  4.7756E+00 -4.8476E-02
  4.7866E+00 -4.7834E-02
  4.7976E+00 -4.7201E-02
  4.8086E+00 -4.6577E-02
  4.8196E+00 -4.5962E-02
  4.8307E+00 -4.5356E-02
  4.8417E+00 -4.4758E-02
  4.8527E+00 -4.4169E-02
  4.8637E+00 -4.3588E-02
  4.8747E+00 -4.3015E-02
  4.8858E+00 -4.2450E-02
  4.8968E+00 -4.1893E-02
  4.9078E+00 -4.1343E-02
  4.9188E+00 -4.0801E-02
  4.9299E+00 -4.0266E-02
  4.9409E+00 -3.9738E-02
  4.9519E+00 -3.9217E-02
  4.9629E+00 -3.8703E-02
  4.9739E+00 -3.8196E-02
  4.9850E+00 -3.7695E-02
  4.9960E+00 -3.7201E-02
  5.0070E+00 -3.6713E-02
  5.0180E+00 -3.6231E-02
  5.0291E+00 -3.5756E-02
  5.0401E+00 -3.5286E-02
  5.0511E+00 -3.4822E-02
  5.0621E+00 -3.4365E-02
  5.0731E+00 -3.3913E-02
  5.0842E+00 -3.3467E-02
  5.0952E+00 -3.3028E-02
  5.1062E+00 -3.2594E-02
  5.1172E+00 -3.2166E-02
  5.1283E+00 -3.1743E-02
  5.1393E+00 -3.1327E-02
  5.1503E+00 -3.0916E-02
  5.1613E+00 -3.0511E-02
  5.1723E+00 -3.0111E-02
  5.1834E+00 -2.9717E-02
  5.1944E+00 -2.9329E-02
  5.2054E+00 -2.8946E-02
  5.2164E+00 -2.8569E-02
  5.2275E+00 -2.8197E-02
  5.2385E+00 -2.7830E-02
  5.2495E+00 -2.7469E-02
  5.2605E+00 -2.7114E-02
  5.2715E+00 -2.6763E-02
  5.2826E+00 -2.6418E-02
  5.2936E+00 -2.6078E-02
  5.3046E+00 -2.5742E-02
  5.3156E+00 -2.5412E-02
  5.3267E+00 -2.5087E-02
  5.3377E+00 -2.4767E-02
  5.3487E+00 -2.4452E-02
  5.3597E+00 -2.4141E-02
  5.3707E+00 -2.3835E-02
  5.3818E+00 -2.3533E-02
  5.3928E+00 -2.3236E-02
  5.4038E+00 -2.2944E-02
  5.4148E+00 -2.2656E-02
  5.4259E+00 -2.2372E-02
  5.4369E+00 -2.2092E-02
  5.4479E+00 -2.1817E-02
  5.4589E+00 -2.1546E-02
  5.4699E+00 -2.1279E-02
  5.4810E+00 -2.1015E-02
  5.4920E+00 -2.0756E-02
  5.5030E+00 -2.0501E-02
  5.5140E+00 -2.0249E-02
  5.5251E+00 -2.0001E-02
  5.5361E+00 -1.9757E-02
  5.5471E+00 -1.9516E-02
  5.5581E+00 -1.9279E-02
  5.5691E+00 -1.9046E-02
  5.5802E+00 -1.8815E-02
  5.5912E+00 -1.8589E-02
  5.6022E+00 -1.8365E-02
  5.6132E+00 -1.8145E-02
  5.6242E+00 -1.7928E-02
  5.6353E+00 -1.7714E-02
  5.6463E+00 -1.7503E-02
  5.6573E+00 -1.7295E-02
  5.6683E+00 -1.7090E-02
  5.6794E+00 -1.6888E-02
  5.6904E+00 -1.6689E-02
  5.7014E+00 -1.6493E-02
  5.7124E+00 -1.6299E-02
  5.7234E+00 -1.6108E-02
  5.7345E+00 -1.5919E-02
  5.7455E+00 -1.5733E-02
  5.7565E+00 -1.5550E-02
  5.7675E+00 -1.5369E-02
  5.7786E+00 -1.5190E-02
  5.7896E+00 -1.5014E-02
  5.8006E+00 -1.4839E-02
  5.8116E+00 -1.4667E-02
  5.8226E+00 -1.4497E-02
  5.8337E+00 -1.4329E-02
  5.8447E+00 -1.4164E-02
  5.8557E+00 -1.3999E-02
  5.8667E+00 -1.3837E-02
  5.8778E+00 -1.3677E-02
  5.8888E+00 -1.3518E-02
  5.8998E+00 -1.3361E-02
  5.9108E+00 -1.3206E-02
  5.9218E+00 -1.3052E-02
  5.9329E+00 -1.2900E-02
  5.9439E+00 -1.2749E-02
  5.9549E+00 -1.2599E-02
  5.9659E+00 -1.2451E-02
  5.9770E+00 -1.2304E-02
  5.9880E+00 -1.2158E-02
  5.9990E+00 -1.2013E-02
  6.0100E+00 -1.1869E-02
  6.0210E+00 -1.1727E-02
  6.0321E+00 -1.1585E-02
  6.0431E+00 -1.1444E-02
  6.0541E+00 -1.1305E-02
  6.0651E+00 -1.1166E-02
  6.0762E+00 -1.1029E-02
  6.0872E+00 -1.0892E-02
  6.0982E+00 -1.0757E-02
  6.1092E+00 -1.0622E-02
  6.1202E+00 -1.0489E-02
  6.1313E+00 -1.0356E-02
  6.1423E+00 -1.0225E-02
  6.1533E+00 -1.0094E-02
  6.1643E+00 -9.9647E-03
  6.1754E+00 -9.8362E-03
  6.1864E+00 -9.7087E-03
  6.1974E+00 -9.5821E-03
  6.2084E+00 -9.4566E-03
  6.2194E+00 -9.3320E-03
  6.2305E+00 -9.2083E-03
  6.2415E+00 -9.0857E-03
  6.2525E+00 -8.9640E-03
  6.2635E+00 -8.8433E-03
  6.2745E+00 -8.7235E-03
  6.2856E+00 -8.6047E-03
  6.2966E+00 -8.4868E-03
  6.3076E+00 -8.3699E-03
  6.3186E+00 -8.2539E-03
  6.3297E+00 -8.1389E-03
  6.3407E+00 -8.0248E-03
  6.3517E+00 -7.9116E-03
  6.3627E+00 -7.7994E-03
  6.3737E+00 -7.6880E-03
  6.3848E+00 -7.5776E-03
  6.3958E+00 -7.4682E-03
  6.4068E+00 -7.3596E-03
  6.4178E+00 -7.2519E-03
  6.4289E+00 -7.1452E-03
  6.4399E+00 -7.0394E-03
  6.4509E+00 -6.9344E-03
  6.4619E+00 -6.8304E-03
  6.4729E+00 -6.7272E-03
  6.4840E+00 -6.6250E-03
  6.4950E+00 -6.5236E-03
  6.5060E+00 -6.4231E-03
  6.5170E+00 -6.3235E-03
  6.5281E+00 -6.2247E-03
  6.5391E+00 -6.1269E-03
  6.5501E+00 -6.0299E-03
  6.5611E+00 -5.9338E-03
  6.5721E+00 -5.8385E-03
  6.5832E+00 -5.7441E-03
  6.5942E+00 -5.6505E-03
  6.6052E+00 -5.5578E-03
  6.6162E+00 -5.4659E-03
  6.6273E+00 -5.3749E-03
  6.6383E+00 -5.2847E-03
  6.6493E+00 -5.1954E-03
  6.6603E+00 -5.1069E-03
  6.6713E+00 -5.0192E-03
  6.6824E+00 -4.9323E-03
  6.6934E+00 -4.8463E-03
  6.7044E+00 -4.7611E-03
  6.7154E+00 -4.6767E-03
  6.7265E+00 -4.5931E-03
  6.7375E+00 -4.5103E-03
  6.7485E+00 -4.4284E-03
  6.7595E+00 -4.3472E-03
  6.7705E+00 -4.2668E-03
  6.7816E+00 -4.1872E-03
  6.7926E+00 -4.1084E-03
  6.8036E+00 -4.0304E-03
  6.8146E+00 -3.9532E-03
  6.8257E+00 -3.8768E-03
  6.8367E+00 -3.8011E-03
  6.8477E+00 -3.7262E-03
  6.8587E+00 -3.6521E-03
  6.8697E+00 -3.5787E-03
  6.8808E+00 -3.5061E-03
  6.8918E+00 -3.4343E-03
  6.9028E+00 -3.3632E-03
  6.9138E+00 -3.2928E-03
  6.9248E+00 -3.2232E-03
  6.9359E+00 -3.1544E-03
  6.9469E+00 -3.0863E-03
  6.9579E+00 -3.0189E-03
  6.9689E+00 -2.9523E-03
  6.9800E+00 -2.8864E-03
  6.9910E+00 -2.8212E-03
  7.0020E+00 -2.7567E-03
  7.0130E+00 -2.6930E-03
  7.0240E+00 -2.6300E-03
  7.0351E+00 -2.5677E-03
  7.0461E+00 -2.5061E-03
  7.0571E+00 -2.4452E-03
  7.0681E+00 -2.3850E-03
  7.0792E+00 -2.3255E-03
  7.0902E+00 -2.2667E-03
  7.1012E+00 -2.2086E-03
  7.1122E+00 -2.1511E-03
  7.1232E+00 -2.0944E-03
  7.1343E+00 -2.0383E-03
  7.1453E+00 -1.9829E-03
  7.1563E+00 -1.9282E-03
  7.1673E+00 -1.8742E-03
  7.1784E+00 -1.8208E-03
  7.1894E+00 -1.7681E-03
  7.2004E+00 -1.7160E-03
  7.2114E+00 -1.6646E-03
  7.2224E+00 -1.6139E-03
  7.2335E+00 -1.5638E-03
  7.2445E+00 -1.5143E-03
  7.2555E+00 -1.4655E-03
  7.2665E+00 -1.4173E-03
  7.2776E+00 -1.3698E-03
  7.2886E+00 -1.3228E-03
  7.2996E+00 -1.2766E-03
  7.3106E+00 -1.2309E-03
  7.3216E+00 -1.1858E-03
  7.3327E+00 -1.1414E-03
  7.3437E+00 -1.0976E-03
  7.3547E+00 -1.0544E-03
  7.3657E+00 -1.0118E-03
  7.3768E+00 -9.6977E-04
  7.3878E+00 -9.2836E-04
  7.3988E+00 -8.8755E-04
  7.4098E+00 -8.4733E-04
  7.4208E+00 -8.0770E-04
  7.4319E+00 -7.6865E-04
  7.4429E+00 -7.3018E-04
  7.4539E+00 -6.9229E-04
  7.4649E+00 -6.5497E-04
  7.4760E+00 -6.1822E-04
  7.4870E+00 -5.8204E-04
  7.4980E+00 -5.4642E-04
  7.5090E+00 -5.1136E-04
  7.5200E+00 -4.7686E-04
  7.5311E+00 -4.4290E-04
  7.5421E+00 -4.0950E-04
  7.5531E+00 -3.7664E-04
  7.5641E+00 -3.4432E-04
  7.5752E+00 -3.1254E-04
  7.5862E+00 -2.8130E-04
  7.5972E+00 -2.5058E-04
  7.6082E+00 -2.2039E-04
  7.6192E+00 -1.9073E-04
  7.6303E+00 -1.6158E-04
  7.6413E+00 -1.3296E-04
  7.6523E+00 -1.0484E-04
  7.6633E+00 -7.7234E-05
  7.6743E+00 -5.0134E-05
  7.6854E+00 -2.3536E-05
  7.6964E+00  2.5633E-06
  7.7074E+00  2.8168E-05
  7.7184E+00  5.3280E-05
  7.7295E+00  7.7905E-05
  7.7405E+00  1.0205E-04
  7.7515E+00  1.2570E-04
  7.7625E+00  1.4889E-04
  7.7735E+00  1.7160E-04
  7.7846E+00  1.9383E-04
  7.7956E+00  2.1560E-04
  7.8066E+00  2.3691E-04
  7.8176E+00  2.5776E-04
  7.8287E+00  2.7815E-04
  7.8397E+00  2.9809E-04
  7.8507E+00  3.1759E-04
  7.8617E+00  3.3663E-04
  7.8727E+00  3.5524E-04
  7.8838E+00  3.7340E-04
  7.8948E+00  3.9113E-04
  7.9058E+00  4.0843E-04
  7.9168E+00  4.2530E-04
  7.9279E+00  4.4175E-04
  7.9389E+00  4.5778E-04
  7.9499E+00  4.7339E-04
  7.9609E+00  4.8859E-04
  7.9719E+00  5.0338E-04
  7.9830E+00  5.1776E-04
  7.9940E+00  5.3174E-04
  8.0050E+00  5.4532E-04
  8.0160E+00  5.5850E-04
  8.0271E+00  5.7129E-04
  8.0381E+00  5.8370E-04
  8.0491E+00  5.9572E-04
  8.0601E+00  6.0735E-04
  8.0711E+00  6.1861E-04
  8.0822E+00  6.2950E-04
  8.0932E+00  6.4001E-04
  8.1042E+00  6.5016E-04
  8.1152E+00  6.5994E-04
  8.1263E+00  6.6937E-04
  8.1373E+00  6.7844E-04
  8.1483E+00  6.8715E-04
  8.1593E+00  6.9551E-04
  8.1703E+00  7.0353E-04
  8.1814E+00  7.1121E-04
  8.1924E+00  7.1855E-04
  8.2034E+00  7.2555E-04
  8.2144E+00  7.3222E-04
  8.2255E+00  7.3857E-04
  8.2365E+00  7.4458E-04
  8.2475E+00  7.5028E-04
  8.2585E+00  7.5566E-04
  8.2695E+00  7.6073E-04
  8.2806E+00  7.6549E-04
  8.2916E+00  7.6993E-04
  8.3026E+00  7.7408E-04
  8.3136E+00  7.7793E-04
  8.3246E+00  7.8148E-04
  8.3357E+00  7.8474E-04
  8.3467E+00  7.8771E-04
  8.3577E+00  7.9039E-04
  8.3687E+00  7.9279E-04
  8.3798E+00  7.9491E-04
  8.3908E+00  7.9676E-04
  8.4018E+00  7.9834E-04
  8.4128E+00  7.9965E-04
  8.4238E+00  8.0070E-04
  8.4349E+00  8.0148E-04
  8.4459E+00  8.0201E-04
  8.4569E+00  8.0229E-04
  8.4679E+00  8.0231E-04
  8.4790E+00  8.0209E-04
  8.4900E+00  8.0163E-04
  8.5010E+00  8.0092E-04
  8.5120E+00  7.9998E-04
  8.5230E+00  7.9881E-04
  8.5341E+00  7.9741E-04
  8.5451E+00  7.9579E-04
  8.5561E+00  7.9394E-04
  8.5671E+00  7.9188E-04
  8.5782E+00  7.8960E-04
  8.5892E+00  7.8711E-04
  8.6002E+00  7.8442E-04
  8.6112E+00  7.8152E-04
  8.6222E+00  7.7842E-04
  8.6333E+00  7.7512E-04
  8.6443E+00  7.7163E-04
  8.6553E+00  7.6795E-04
  8.6663E+00  7.6409E-04
  8.6774E+00  7.6004E-04
  8.6884E+00  7.5581E-04
  8.6994E+00  7.5141E-04
  8.7104E+00  7.4684E-04
  8.7214E+00  7.4210E-04
  8.7325E+00  7.3719E-04
  8.7435E+00  7.3213E-04
  8.7545E+00  7.2690E-04
  8.7655E+00  7.2153E-04
  8.7766E+00  7.1600E-04
  8.7876E+00  7.1032E-04
  8.7986E+00  7.0450E-04
  8.8096E+00  6.9855E-04
  8.8206E+00  6.9245E-04
  8.8317E+00  6.8623E-04
  8.8427E+00  6.7987E-04
  8.8537E+00  6.7339E-04
  8.8647E+00  6.6679E-04
  8.8758E+00  6.6007E-04
  8.8868E+00  6.5323E-04
  8.8978E+00  6.4628E-04
  8.9088E+00  6.3923E-04
  8.9198E+00  6.3207E-04
  8.9309E+00  6.2481E-04
  8.9419E+00  6.1745E-04
  8.9529E+00  6.1000E-04
  8.9639E+00  6.0246E-04
  8.9749E+00  5.9483E-04
  8.9860E+00  5.8712E-04
  8.9970E+00  5.7934E-04
  9.0080E+00  5.7147E-04
  9.0190E+00  5.6353E-04
  9.0301E+00  5.5553E-04
  9.0411E+00  5.4746E-04
  9.0521E+00  5.3933E-04
  9.0631E+00  5.3114E-04
  9.0741E+00  5.2289E-04
  9.0852E+00  5.1460E-04
  9.0962E+00  5.0626E-04
  9.1072E+00  4.9787E-04
  9.1182E+00  4.8945E-04
  9.1293E+00  4.8098E-04
  9.1403E+00  4.7249E-04
  9.1513E+00  4.6396E-04
  9.1623E+00  4.5541E-04
  9.1733E+00  4.4684E-04
  9.1844E+00  4.3824E-04
  9.1954E+00  4.2964E-04
  9.2064E+00  4.2102E-04
  9.2174E+00  4.1239E-04
  9.2285E+00  4.0376E-04
  9.2395E+00  3.9512E-04
  9.2505E+00  3.8649E-04
  9.2615E+00  3.7787E-04
  9.2725E+00  3.6925E-04
  9.2836E+00  3.6065E-04
  9.2946E+00  3.5207E-04
  9.3056E+00  3.4350E-04
  9.3166E+00  3.3496E-04
  9.3277E+00  3.2645E-04
  9.3387E+00  3.1796E-04
  9.3497E+00  3.0952E-04
  9.3607E+00  3.0111E-04
  9.3717E+00  2.9274E-04
  9.3828E+00  2.8441E-04
  9.3938E+00  2.7614E-04
  9.4048E+00  2.6792E-04
  9.4158E+00  2.5975E-04
  9.4269E+00  2.5164E-04
  9.4379E+00  2.4360E-04
  9.4489E+00  2.3562E-04
  9.4599E+00  2.2771E-04
  9.4709E+00  2.1988E-04
  9.4820E+00  2.1212E-04
  9.4930E+00  2.0444E-04
  9.5040E+00  1.9685E-04
  9.5150E+00  1.8934E-04
  9.5261E+00  1.8193E-04
  9.5371E+00  1.7461E-04
  9.5481E+00  1.6739E-04
  9.5591E+00  1.6027E-04
  9.5701E+00  1.5326E-04
  9.5812E+00  1.4636E-04
  9.5922E+00  1.3957E-04
  9.6032E+00  1.3289E-04
  9.6142E+00  1.2634E-04
  9.6253E+00  1.1991E-04
  9.6363E+00  1.1360E-04
  9.6473E+00  1.0743E-04
  9.6583E+00  1.0139E-04
  9.6693E+00  9.5485E-05
  9.6804E+00  8.9724E-05
  9.6914E+00  8.4107E-05
  9.7024E+00  7.8639E-05
  9.7134E+00  7.3322E-05
  9.7244E+00  6.8160E-05
  9.7355E+00  6.3158E-05
  9.7465E+00  5.8318E-05
  9.7575E+00  5.3644E-05
  9.7685E+00  4.9139E-05
  9.7796E+00  4.4807E-05
  9.7906E+00  4.0653E-05
  9.8016E+00  3.6678E-05
  9.8126E+00  3.2887E-05
  9.8236E+00  2.9283E-05
  9.8347E+00  2.5871E-05
  9.8457E+00  2.2652E-05
  9.8567E+00  1.9632E-05
  9.8677E+00  1.6813E-05
  9.8788E+00  1.4199E-05
  9.8898E+00  1.1794E-05
  9.9008E+00  9.6013E-06
  9.9118E+00  7.6241E-06
  9.9228E+00  5.8663E-06
  9.9339E+00  4.3312E-06
  9.9449E+00  3.0226E-06
  9.9559E+00  1.9439E-06
  9.9669E+00  1.0988E-06
  9.9780E+00  4.9073E-07
  9.9890E+00  1.2327E-07
  10.  0. -2.89120579E-19
