  0.50000000000000000       -3.6239417057657199     
  0.53166666666666662       -3.8333796491049963     
  0.56333333333333335       -4.0455186443925584     
  0.59499999999999997       -4.2584543634790784     
  0.62666666666666671       -4.4700315555055994     
  0.65833333333333333       -4.6781068131307215     
  0.68999999999999995       -4.8806387631754422     
  0.72166666666666668       -5.0752017993673810     
  0.75333333333333341       -5.2603788676530119     
  0.78500000000000003       -5.4346682560136745     
  0.81666666666666665       -5.5966369005838557     
  0.84833333333333338       -5.7452386633230699     
  0.88000000000000000       -5.8792366800346247     
  0.91166666666666663       -5.9978451942976232     
  0.94333333333333336       -6.1002909538893793     
  0.97500000000000009       -6.1864762831806495     
   1.0066666666666668       -6.2564024536715230     
   1.0383333333333333       -6.3097067250514431     
   1.0700000000000001       -6.3469185161287776     
   1.1016666666666666       -6.3676629298504261     
   1.1333333333333333       -6.3725219591762130     
   1.1650000000000000       -6.3621047786156426     
   1.1966666666666668       -6.3374152389783314     
   1.2283333333333335       -6.2991196709258137     
   1.2600000000000000       -6.2476875666750260     
   1.2916666666666667       -6.1838710371479824     
   1.3233333333333333       -6.1081020184621941     
   1.3550000000000000       -6.0209118134204003     
   1.3866666666666667       -5.9238298087930552     
   1.4183333333333334       -5.8171850114008912     
   1.4500000000000002       -5.7023618107866314     
   1.4816666666666669       -5.5797583339858638     
   1.5133333333333334       -5.4491860703802857     
   1.5450000000000002       -5.3122838804298578     
   1.5766666666666667       -5.1695748187469208     
   1.6083333333333334       -5.0215769580593923     
   1.6400000000000001       -4.8699652581623019     
   1.6716666666666669       -4.7144515331110686     
   1.7033333333333334       -4.5562142883719945     
   1.7350000000000001       -4.3956539497733846     
   1.7666666666666668       -4.2323406287721621     
   1.7983333333333333       -4.0677383905739619     
   1.8300000000000001       -3.9014571319363265     
   1.8616666666666668       -3.7341350423620021     
   1.8933333333333335       -3.5679303282879760     
   1.9250000000000000       -3.4028850632010368     
   1.9566666666666668       -3.2402378170343340     
   1.9883333333333335       -3.0802989212542333     
   2.0200000000000000       -2.9230000000000000     
   2.0516666666666667       -2.7696746576024944     
   2.0833333333333335       -2.6201921450202978     
   2.1150000000000002       -2.4746051567922374     
   2.1466666666666665       -2.3342461891496145     
   2.1783333333333337       -2.1986256829718993     
   2.2100000000000000       -2.0683771791109664     
   2.2416666666666671       -1.9438988402106743     
   2.2733333333333334       -1.8252040998487877     
   2.3050000000000002       -1.7138622357795255     
   2.3366666666666669       -1.6097373456030830     
   2.3683333333333332       -1.5126098382657669     
   2.4000000000000004       -1.4230083216478580     
   2.4316666666666666       -1.3403149581942777     
   2.4633333333333338       -1.2636962932817655     
   2.4950000000000001       -1.1928249829270796     
   2.5266666666666668       -1.1265746004404411     
   2.5583333333333336       -1.0644544823272186     
   2.5900000000000003       -1.0064886221156046     
   2.6216666666666670      -0.95204294457578631     
   2.6533333333333333      -0.90080039937596768     
   2.6850000000000001      -0.85256008914164050     
   2.7166666666666668      -0.80673175110280049     
   2.7483333333333335      -0.76323903822314398     
   2.7800000000000002      -0.72168701073549291     
   2.8116666666666670      -0.68187272533001819     
   2.8433333333333337      -0.64405152261457210     
   2.8750000000000000      -0.60802169867381917     
   2.9066666666666667      -0.57384548404888513     
   2.9383333333333335      -0.54159042160414872     
   2.9700000000000002      -0.51109993732927583     
   3.0016666666666669      -0.48253712767371792     
   3.0333333333333337      -0.45582215562323003     
   3.0650000000000004      -0.43077499253320956     
   3.0966666666666667      -0.40745273642353985     
   3.1283333333333334      -0.38562282819515625     
   3.1600000000000001      -0.36519417402568766     
   3.1916666666666669      -0.34612200809360771     
   3.2233333333333336      -0.32819478705120764     
   3.2550000000000003      -0.31141189501477728     
   3.2866666666666671      -0.29562251337963008     
   3.3183333333333334      -0.28072765756870727     
   3.3500000000000001      -0.26677338784618804     
   3.3816666666666668      -0.25365522903655746     
   3.4133333333333336      -0.24125728383966694     
   3.4450000000000003      -0.22963752692894379     
   3.4766666666666670      -0.21865919608657108     
   3.5083333333333337      -0.20833384294146479     
   3.5400000000000000      -0.19858052848795477     
   3.5716666666666668      -0.18935255579880528     
   3.6033333333333335      -0.18069260227626399     
   3.6350000000000002      -0.17254908201882757     
   3.6666666666666670      -0.16488162847131924     
   3.6983333333333337      -0.15772245994735370     
   3.7300000000000004      -0.15102296971431090     
   3.7616666666666672      -0.14473810772398785     
   3.7933333333333334      -0.13889608090880923     
   3.8250000000000002      -0.13343619897339998     
   3.8566666666666669      -0.12833619222991366     
   3.8883333333333336      -0.12357138600522193     
   3.9200000000000004      -0.11910903835770467     
   3.9516666666666671      -0.11492323232191462     
   3.9833333333333338      -0.11098915626001500     
   4.0150000000000006      -0.10725999999999983     
   4.0466666666666669      -0.10373490599549801     
   4.0783333333333331      -0.10039250495861518     
   4.1100000000000003       -9.7215806722479245E-002
   4.1416666666666675       -9.4200398361015666E-002
   4.1733333333333338       -9.1321309007126636E-002
   4.2050000000000001       -8.8572518220316324E-002
   4.2366666666666664       -8.5943128989540277E-002
   4.2683333333333335       -8.3406022816012074E-002
   4.3000000000000007       -8.0966368668488539E-002
   4.3316666666666670       -7.8598902322748465E-002
   4.3633333333333333       -7.6288639918972084E-002
   4.3950000000000005       -7.4033895999005797E-002
   4.4266666666666676       -7.1808659603531472E-002
   4.4583333333333339       -6.9606677024548758E-002
   4.4900000000000002       -6.7414457073468145E-002
   4.5216666666666674       -6.5212089038577531E-002
   4.5533333333333337       -6.3014006746162768E-002
   4.5850000000000000       -6.0826371751041428E-002
   4.6166666666666671       -5.8650247596545795E-002
   4.6483333333333334       -5.6514911353333114E-002
   4.6800000000000006       -5.4423585806624916E-002
   4.7116666666666669       -5.2378388911250039E-002
   4.7433333333333341       -5.0406840913507639E-002
   4.7750000000000004       -4.8511044829597269E-002
   4.8066666666666666       -4.6686158696018901E-002
   4.8383333333333338       -4.4940465954704509E-002
   4.8700000000000001       -4.3258298985255877E-002
   4.9016666666666673       -4.1648722536126601E-002
   4.9333333333333336       -4.0100956063228749E-002
   4.9650000000000007       -3.8605513770831795E-002
   4.9966666666666670       -3.7171235182258462E-002
   5.0283333333333333       -3.5788716744449431E-002
   5.0600000000000005       -3.4451916570956295E-002
   5.0916666666666668       -3.3168650294166283E-002
   5.1233333333333340       -3.1931519711866987E-002
   5.1550000000000002       -3.0742374338412329E-002
   5.1866666666666674       -2.9601561415759953E-002
   5.2183333333333337       -2.8503743217908287E-002
   5.2500000000000000       -2.7452761145645717E-002
   5.2816666666666672       -2.6446861532020215E-002
   5.3133333333333335       -2.5479301003950509E-002
   5.3450000000000006       -2.4557409580376402E-002
   5.3766666666666669       -2.3672146470013915E-002
   5.4083333333333341       -2.2824634682047193E-002
   5.4400000000000004       -2.2013938344801871E-002
   5.4716666666666667       -2.1236669720147195E-002
   5.5033333333333339       -2.0493309370144139E-002
   5.5350000000000001       -1.9781306675619094E-002
   5.5666666666666673       -1.9097183578303634E-002
   5.5983333333333336       -1.8443352658384326E-002
   5.6300000000000008       -1.7815806040238736E-002
   5.6616666666666671       -1.7213122954679864E-002
   5.6933333333333334       -1.6636432512451171E-002
   5.7250000000000005       -1.6080576536999347E-002
   5.7566666666666668       -1.5547241637413282E-002
   5.7883333333333340       -1.5034239963605825E-002
   5.8200000000000003       -1.4536903312151950E-002
   5.8516666666666675       -1.4059338820767995E-002
   5.8833333333333337       -1.3596991535526919E-002
   5.9150000000000000       -1.3146920268924601E-002
   5.9466666666666672       -1.2711113719821306E-002
   5.9783333333333335       -1.2286327074738340E-002
   6.0100000000000007       -1.1868999999999991E-002
   6.0416666666666670       -1.1462266624592796E-002
   6.0733333333333341       -1.1064373324988637E-002
   6.1050000000000004       -1.0673441759569472E-002
   6.1366666666666667       -1.0292061112638941E-002
   6.1683333333333339       -9.9179001076262450E-003
   6.2000000000000002       -9.5523613664874763E-003
   6.2316666666666674       -9.1953083007851825E-003
   6.2633333333333336       -8.8451249397408088E-003
   6.2950000000000008       -8.5039141837940039E-003
   6.3266666666666671       -8.1702630350807600E-003
   6.3583333333333334       -7.8438707248458875E-003
   6.3900000000000006       -7.5258693204077430E-003
   6.4216666666666669       -7.2145907524516061E-003
   6.4533333333333340       -6.9113302562574478E-003
   6.4850000000000003       -6.6157938212612569E-003
   6.5166666666666675       -6.3264911890496388E-003
   6.5483333333333338       -6.0454073840330641E-003
   6.5800000000000001       -5.7712576722363197E-003
   6.6116666666666672       -5.5035880251784160E-003
   6.6433333333333335       -5.2437020398703165E-003
   6.6750000000000007       -4.9901177352602352E-003
   6.7066666666666670       -4.7436147035095711E-003
   6.7383333333333342       -4.5040560379980485E-003
   6.7700000000000005       -4.2704177990936414E-003
   6.8016666666666676       -4.0440592664341152E-003
   6.8333333333333339       -3.8242367523963548E-003
   6.8650000000000002       -3.6099009692745088E-003
   6.8966666666666674       -3.4027377276726741E-003
   6.9283333333333337       -3.2011992063787562E-003
   6.9600000000000009       -3.0061051230805130E-003
   6.9916666666666671       -2.8172641760276667E-003
   7.0233333333333343       -2.6337790385771616E-003
   7.0550000000000006       -2.4567783379340412E-003
   7.0866666666666669       -2.2855464733510977E-003
   7.1183333333333341       -2.1193439052677350E-003
   7.1500000000000004       -1.9594384060749670E-003
   7.1816666666666675       -1.8051301111127165E-003
   7.2133333333333338       -1.6556237550357910E-003
   7.2450000000000010       -1.5120647139947308E-003
   7.2766666666666673       -1.3737850452243451E-003
   7.3083333333333336       -1.2402860766669794E-003
   7.3400000000000007       -1.1122935343844092E-003
   7.3716666666666670       -9.8913412360028107E-004
   7.4033333333333342       -8.7091403884145737E-004
   7.4350000000000005       -7.5778398819053769E-004
   7.4666666666666677       -6.4907041516576501E-004
   7.4983333333333340       -5.4535019352186357E-004
   7.5300000000000002       -4.4624868409316200E-004
   7.5616666666666674       -3.5139817105626166E-004
   7.5933333333333337       -2.6131112872461492E-004
   7.6250000000000009       -1.7543359288533182E-004
   7.6566666666666672       -9.3827130633160981E-005
   7.6883333333333344       -1.6550628433460936E-005
   7.7200000000000006        5.6867236586758169E-005
   7.7516666666666669        1.2605447355619844E-004
   7.7833333333333341        1.9131099601909894E-004
   7.8150000000000004        2.5288986567815276E-004
   7.8466666666666676        3.1049817146374813E-004
   7.8783333333333339        3.6451189271073171E-004
   7.9100000000000010        4.1493221048687908E-004
   7.9416666666666673        4.6174974772159825E-004
   7.9733333333333336        5.0526395521299674E-004
   8.0050000000000008        5.4531999999999996E-004
   8.0366666666666671        5.8210162585801484E-004
   8.0683333333333351        6.1582191689400388E-004
   8.1000000000000014        6.4632755001062855E-004
   8.1316666666666677        6.7383153526903348E-004
   8.1633333333333340        6.9849558900998351E-004
   8.1950000000000003        7.2023607650273293E-004
   8.2266666666666666        7.3922006654168542E-004
   8.2583333333333329        7.5558071455924169E-004
   8.2900000000000009        7.6930136742906201E-004
   8.3216666666666672        7.8056491423102300E-004
   8.3533333333333353        7.8936025970131505E-004
   8.3850000000000016        7.9581588216696302E-004
   8.4166666666666679        8.0004977863895382E-004
   8.4483333333333341        8.0209422908841821E-004
   8.4800000000000004        8.0205838342774390E-004
   8.5116666666666667        8.0001189770715839E-004
   8.5433333333333348        7.9606600025633597E-004
   8.5750000000000011        7.9028053683429032E-004
   8.6066666666666674        7.8274103853121044E-004
   8.6383333333333336        7.7354945275427093E-004
   8.6699999999999999        7.6276019344992223E-004
   8.7016666666666680        7.5048292914201670E-004
   8.7333333333333343        7.3681382189018569E-004
   8.7650000000000006        7.2177614233858768E-004
   8.7966666666666669        7.0553131498596398E-004
   8.8283333333333349        6.8813252055161499E-004
   8.8600000000000012        6.6961866671517512E-004
   8.8916666666666675        6.5016562319984629E-004
   8.9233333333333338        6.2976796570786409E-004
   8.9550000000000001        6.0856871341354762E-004
   8.9866666666666681        5.8665292689857363E-004
   9.0183333333333344        5.6401044589453699E-004
   9.0500000000000007        5.4088533228105733E-004
   9.0816666666666670        5.1724592400596132E-004
   9.1133333333333333        4.9317303046021428E-004
   9.1450000000000014        4.6884706081835593E-004
   9.1766666666666676        4.4423121006375557E-004
   9.2083333333333339        4.1950100753609764E-004
   9.2400000000000002        3.9472678649460130E-004
   9.2716666666666683        3.6989928381162365E-004
   9.3033333333333346        3.4526506481710403E-004
   9.3350000000000009        3.2081694082547653E-004
   9.3666666666666671        2.9655706301199907E-004
   9.3983333333333334        2.7274623173283933E-004
   9.4300000000000015        2.4937496972928983E-004
   9.4616666666666678        2.2644481176661380E-004
   9.4933333333333341        2.0420846804323386E-004
   9.5250000000000004        1.8266188776175227E-004
   9.5566666666666666        1.6183761675125593E-004
   9.5883333333333347        1.4194891416766740E-004
   9.6200000000000010        1.2296577085705202E-004
   9.6516666666666673        1.0501849754663896E-004
   9.6833333333333336        8.8217156018439527E-005
   9.7150000000000016        7.2560009784618872E-005
   9.7466666666666679        5.8245847397215470E-005
   9.7783333333333342        4.5293390747939561E-005
   9.8100000000000005        3.3767221676058901E-005
   9.8416666666666668        2.3811789452791594E-005
   9.8733333333333348        1.5460128243217662E-005
   9.9050000000000011        8.8212035479644764E-006
   9.9366666666666674        3.9819865116948093E-006
   9.9683333333333337        1.0065258651487908E-006
