  -2.0000000000000000        0.0000000000000000     
  -1.9733333333333334        0.0000000000000000     
  -1.9466666666666668        0.0000000000000000     
  -1.9199999999999999        0.0000000000000000     
  -1.8933333333333333        0.0000000000000000     
  -1.8666666666666667        0.0000000000000000     
  -1.8400000000000001        0.0000000000000000     
  -1.8133333333333332        0.0000000000000000     
  -1.7866666666666666        0.0000000000000000     
  -1.7600000000000000        0.0000000000000000     
  -1.7333333333333334        0.0000000000000000     
  -1.7066666666666666        0.0000000000000000     
  -1.6799999999999999        0.0000000000000000     
  -1.6533333333333333        0.0000000000000000     
  -1.6266666666666667        0.0000000000000000     
  -1.6000000000000001        0.0000000000000000     
  -1.5733333333333333        0.0000000000000000     
  -1.5466666666666666        0.0000000000000000     
  -1.5200000000000000        0.0000000000000000     
  -1.4933333333333332        0.0000000000000000     
  -1.4666666666666668        0.0000000000000000     
  -1.4399999999999999        0.0000000000000000     
  -1.4133333333333333        0.0000000000000000     
  -1.3866666666666667        0.0000000000000000     
  -1.3599999999999999        0.0000000000000000     
  -1.3333333333333333        0.0000000000000000     
  -1.3066666666666666        0.0000000000000000     
  -1.2799999999999998        0.0000000000000000     
  -1.2533333333333334        0.0000000000000000     
  -1.2266666666666666        0.0000000000000000     
  -1.2000000000000000        0.0000000000000000     
  -1.1733333333333333        0.0000000000000000     
  -1.1466666666666665        0.0000000000000000     
  -1.1200000000000001        0.0000000000000000     
  -1.0933333333333333        0.0000000000000000     
  -1.0666666666666667        0.0000000000000000     
  -1.0400000000000000        0.0000000000000000     
  -1.0133333333333332        0.0000000000000000     
 -0.98666666666666658       0.35139456056217000     
 -0.95999999999999996       0.21808845550082268     
 -0.93333333333333335        8.5013051545200113E-002
 -0.90666666666666651       -4.7139344541271555E-002
 -0.87999999999999989      -0.17789554105900152     
 -0.85333333333333328      -0.30642944946980322     
 -0.82666666666666666      -0.43208479241287279     
 -0.79999999999999982      -0.55398615531775164     
 -0.77333333333333321      -0.67148202726389883     
 -0.74666666666666659      -0.78379475715356506     
 -0.71999999999999997      -0.89033784215843070     
 -0.69333333333333336      -0.99035014814618094     
 -0.66666666666666652       -1.0833019663962773     
 -0.63999999999999990       -1.1685722747819582     
 -0.61333333333333329       -1.2456531002773303     
 -0.58666666666666667       -1.3140926654162115     
 -0.55999999999999983       -1.3737803842537488     
 -0.53333333333333321       -1.4249978377910715     
 -0.50666666666666660       -1.4684045583936651     
 -0.47999999999999998       -1.5041900309498217     
 -0.45333333333333314       -1.5328253756040162     
 -0.42666666666666653       -1.5546278649365171     
 -0.39999999999999991       -1.5700159892411918     
 -0.37333333333333329       -1.5794028686097157     
 -0.34666666666666646       -1.5838856978576921     
 -0.31999999999999984       -1.5844481110819366     
 -0.29333333333333322       -1.5822477730798035     
 -0.26666666666666661       -1.5782055315047323     
 -0.23999999999999999       -1.5732993937480728     
 -0.21333333333333315       -1.5682729915266620     
 -0.18666666666666654       -1.5640130135523016     
 -0.15999999999999992       -1.5613313991621425     
 -0.13333333333333330       -1.5607431391819233     
 -0.10666666666666647       -1.5629765516566323     
  -7.9999999999999849E-002  -1.5685999574019611     
  -5.3333333333333233E-002  -1.5788038125645372     
  -2.6666666666666616E-002  -1.5948996736661751     
   0.0000000000000000       -1.6179873345914473     
   2.6666666666666838E-002  -1.6492365154868374     
   5.3333333333333677E-002  -1.6889276625424614     
   8.0000000000000071E-002  -1.7366878329894213     
  0.10666666666666691       -1.7927575616218387     
  0.13333333333333330       -1.8570882152334764     
  0.16000000000000014       -1.9301556344020074     
  0.18666666666666698       -2.0123278530900670     
  0.21333333333333337       -2.1041012301569531     
  0.24000000000000021       -2.2055319704742846     
  0.26666666666666661       -2.3164104561592573     
  0.29333333333333345       -2.4365624066154172     
  0.32000000000000028       -2.5656221313603176     
  0.34666666666666668       -2.7031645437128162     
  0.37333333333333352       -2.8485118980468549     
  0.40000000000000036       -3.0009689743294459     
  0.42666666666666675       -3.1600012437155431     
  0.45333333333333359       -3.3246060467442593     
  0.47999999999999998       -3.4941239593668350     
  0.50666666666666682       -3.6677053554271755     
  0.53333333333333366       -3.8444839526011076     
  0.56000000000000005       -4.0231002779775888     
  0.58666666666666689       -4.2025152803443291     
  0.61333333333333329       -4.3812095040144694     
  0.64000000000000012       -4.5582968227637153     
  0.66666666666666696       -4.7320846685824076     
  0.69333333333333336       -4.9015123949644632     
  0.72000000000000020       -5.0651738440844980     
  0.74666666666666703       -5.2222731566313971     
  0.77333333333333343       -5.3717650242779298     
  0.80000000000000027       -5.5130490018835232     
  0.82666666666666666       -5.6450699211851694     
  0.85333333333333350       -5.7673938640190254     
  0.88000000000000034       -5.8792366800346265     
  0.90666666666666673       -5.9801884116923576     
  0.93333333333333357       -6.0696987258487418     
  0.96000000000000041       -6.1477322717578158     
  0.98666666666666680       -6.2140961803647352     
   1.0133333333333336       -6.2690024096844157     
   1.0400000000000000       -6.3120702685051695     
   1.0666666666666669       -6.3437742078015145     
   1.0933333333333337       -6.3637410849351683     
   1.1200000000000001       -6.3724292906552282     
   1.1466666666666669       -6.3700194651337245     
   1.1733333333333333       -6.3569625475561562     
   1.2000000000000002       -6.3340216486864112     
   1.2266666666666670       -6.3014675984929003     
   1.2533333333333334       -6.2595616593813022     
   1.2800000000000002       -6.2088084977720870     
   1.3066666666666671       -6.1493081294435834     
   1.3333333333333335       -6.0817458582043962     
   1.3600000000000003       -6.0061353978078191     
   1.3866666666666667       -5.9238298087930552     
   1.4133333333333336       -5.8346182243390601     
   1.4400000000000004       -5.7396757502894733     
   1.4666666666666668       -5.6385755518812015     
   1.4933333333333336       -5.5324518423670384     
   1.5200000000000000       -5.4207330623391972     
   1.5466666666666669       -5.3048835630127744     
   1.5733333333333337       -5.1847066059011429     
   1.6000000000000001       -5.0609494188296917     
   1.6266666666666669       -4.9341637439700268     
   1.6533333333333338       -4.8047850495917217     
   1.6800000000000002       -4.6733593471212771     
   1.7066666666666670       -4.5393792716298389     
   1.7333333333333334       -4.4041481771259994     
   1.7600000000000002       -4.2668626739489275     
   1.7866666666666671       -4.1288258143736218     
   1.8133333333333335       -3.9888967176434686     
   1.8400000000000003       -3.8487839858733652     
   1.8666666666666667       -3.7078324419730020     
   1.8933333333333335       -3.5679303282879751     
   1.9200000000000004       -3.4286370827048769     
   1.9466666666666668       -3.2914487982986405     
   1.9733333333333336       -3.1558988266807990     
   2.0000000000000000       -3.0220410550195713     
   2.0266666666666673       -2.8905834098642038     
   2.0533333333333337       -2.7616808924324769     
   2.0800000000000001       -2.6358093245501344     
   2.1066666666666674       -2.5124988764072129     
   2.1333333333333337       -2.3929792524300768     
   2.1600000000000001       -2.2764630115192901     
   2.1866666666666665       -2.1640500973928201     
   2.2133333333333338       -2.0549454692688824     
   2.2400000000000002       -1.9503309784805043     
   2.2666666666666666       -1.8496429288405518     
   2.2933333333333339       -1.7542219164295716     
   2.3200000000000003       -1.6635054864218313     
   2.3466666666666667       -1.5782608439952495     
   2.3733333333333340       -1.4979608691749711     
   2.4000000000000004       -1.4230083216478580     
   2.4266666666666667       -1.3529192346658538     
   2.4533333333333340       -1.2872882032676309     
   2.4800000000000004       -1.2257326306066003     
   2.5066666666666668       -1.1677673929316310     
   2.5333333333333332       -1.1131777236889082     
   2.5600000000000005       -1.0612894433180671     
   2.5866666666666669       -1.0124607706885129     
   2.6133333333333333      -0.96596224327455682     
   2.6400000000000006      -0.92202091483141868     
   2.6666666666666670      -0.88006174152616978     
   2.6933333333333334      -0.84025012834818191     
   2.7200000000000006      -0.80209172976778331     
   2.7466666666666670      -0.76548236669699188     
   2.7733333333333334      -0.73022617342908103     
   2.8000000000000007      -0.69632136627044317     
   2.8266666666666671      -0.66368425340345194     
   2.8533333333333335      -0.63244698516549769     
   2.8799999999999999      -0.60254101316316844     
   2.9066666666666672      -0.57384548404888447     
   2.9333333333333336      -0.54655639845281412     
   2.9600000000000000      -0.52050579039366451     
   2.9866666666666672      -0.49587668220970682     
   3.0133333333333336      -0.47245834859739211     
   3.0400000000000000      -0.45042480050045497     
   3.0666666666666673      -0.42950808737973584     
   3.0933333333333337      -0.40984117551006871     
   3.1200000000000001      -0.39119492274901524     
   3.1466666666666674      -0.37364568720321628     
   3.1733333333333338      -0.35702785190866004     
   3.2000000000000002      -0.34129535840326986     
   3.2266666666666666      -0.32639060110886209     
   3.2533333333333339      -0.31227276599923259     
   3.2800000000000002      -0.29887938714303219     
   3.3066666666666666      -0.28611715592654557     
   3.3333333333333339      -0.27403943700383704     
   3.3600000000000003      -0.26252091868903071     
   3.3866666666666667      -0.25164339555676518     
   3.4133333333333340      -0.24125728383966699     
   3.4400000000000004      -0.23143643508750367     
   3.4666666666666668      -0.22205495083694185     
   3.4933333333333341      -0.21316744026321288     
   3.5200000000000005      -0.20466051457328854     
   3.5466666666666669      -0.19659131017530113     
   3.5733333333333333      -0.18888457941291181     
   3.6000000000000005      -0.18158001971086338     
   3.6266666666666669      -0.17464400426684673     
   3.6533333333333333      -0.16804954327352678     
   3.6800000000000006      -0.16181139866862937     
   3.7066666666666670      -0.15590233812919385     
   3.7333333333333334      -0.15034186556235860     
   3.7600000000000007      -0.14505747075060227     
   3.7866666666666671      -0.14009428619061931     
   3.8133333333333335      -0.13539510934951748     
   3.8400000000000007      -0.13097977391641463     
   3.8666666666666671      -0.12679330579438047     
   3.8933333333333335      -0.12284728710812012     
   3.9200000000000008      -0.11910903835770453     
   3.9466666666666672      -0.11556827019961506     
   3.9733333333333336      -0.11220192057170773     
   4.0000000000000000      -0.10899983856891338     
   4.0266666666666673      -0.10594639429388256     
   4.0533333333333337      -0.10301665146094569     
   4.0800000000000001      -0.10022236834650589     
   4.1066666666666674       -9.7543324302352588E-002
   4.1333333333333337       -9.4983080964601646E-002
   4.1600000000000001       -9.2515362529937223E-002
   4.1866666666666674       -9.0153597449721845E-002
   4.2133333333333338       -8.7867612892460659E-002
   4.2400000000000002       -8.5672037131952025E-002
   4.2666666666666675       -8.3536596389892262E-002
   4.2933333333333339       -8.1474320276407372E-002
   4.3200000000000003       -7.9458569767267007E-002
   4.3466666666666667       -7.7499308648941487E-002
   4.3733333333333340       -7.5574489634611053E-002
   4.4000000000000004       -7.3680454415869401E-002
   4.4266666666666667       -7.1808659603531569E-002
   4.4533333333333340       -6.9954441892659591E-002
   4.4800000000000004       -6.8109650800296531E-002
   4.5066666666666668       -6.6256755776590612E-002
   4.5333333333333341       -6.4406840505812440E-002
   4.5600000000000005       -6.2549810341439624E-002
   4.5866666666666669       -6.0711049432508629E-002
   4.6133333333333342       -5.8878267910531509E-002
   4.6400000000000006       -5.7075812491531402E-002
   4.6666666666666670       -5.5295109654585575E-002
   4.6933333333333334       -5.3554888137853862E-002
   4.7200000000000006       -5.1851050322161280E-002
   4.7466666666666670       -5.0203009317478592E-002
   4.7733333333333334       -4.8608360841224149E-002
   4.8000000000000007       -4.7064197235674010E-002
   4.8266666666666671       -4.5575379696323561E-002
   4.8533333333333335       -4.4135366184212418E-002
   4.8800000000000008       -4.2744185233714128E-002
   4.9066666666666672       -4.1399345816633099E-002
   4.9333333333333336       -4.0100956063228749E-002
   4.9600000000000009       -3.8837947136183569E-002
   4.9866666666666672       -3.7620020803663057E-002
   5.0133333333333336       -3.6434218182878925E-002
   5.0400000000000000       -3.5290255936167358E-002
   5.0666666666666673       -3.4176390580635964E-002
   5.0933333333333337       -3.3102236318258087E-002
   5.1200000000000001       -3.2058612764971045E-002
   5.1466666666666674       -3.1051044359846618E-002
   5.1733333333333338       -3.0073960736009896E-002
   5.2000000000000002       -2.9133325015293157E-002
   5.2266666666666675       -2.8224832927158279E-002
   5.2533333333333339       -2.7344820260040495E-002
   5.2800000000000002       -2.6498394837149192E-002
   5.3066666666666675       -2.5679440893573355E-002
   5.3333333333333339       -2.4893656988327854E-002
   5.3600000000000003       -2.4132574439675855E-002
   5.3866666666666667       -2.3401214316641297E-002
   5.4133333333333340       -2.2694006696286094E-002
   5.4400000000000004       -2.2013938344801871E-002
   5.4666666666666668       -2.1356916419696705E-002
   5.4933333333333341       -2.0724888087891358E-002
   5.5200000000000005       -2.0114414463409253E-002
   5.5466666666666669       -1.9525419202003135E-002
   5.5733333333333341       -1.8957449596312365E-002
   5.6000000000000005       -1.8409510026839902E-002
   5.6266666666666669       -1.7880108327636222E-002
   5.6533333333333342       -1.7369672064260308E-002
   5.6800000000000006       -1.6877123636237060E-002
   5.7066666666666670       -1.6399859586201871E-002
   5.7333333333333334       -1.5938790710475916E-002
   5.7600000000000007       -1.5492127831950583E-002
   5.7866666666666671       -1.5060870717174863E-002
   5.8133333333333335       -1.4640060563212853E-002
   5.8400000000000007       -1.4234500890686983E-002
   5.8666666666666671       -1.3837484158830366E-002
   5.8933333333333335       -1.3452965047591985E-002
   5.9200000000000008       -1.3076972424211132E-002
   5.9466666666666672       -1.2711113719821306E-002
   5.9733333333333336       -1.2352497900164336E-002
