   0.0000000000000000       -2.5869723755892764     
   5.0000000000000003E-002  -3.2347807875135715     
  0.10000000000000001       -3.7970054623073750     
  0.15000000000000002       -4.2871161143640215     
  0.20000000000000001       -4.7139771725924895     
  0.25000000000000000       -5.0856590884722550     
  0.30000000000000004       -5.4099637366041566     
  0.35000000000000003       -5.6939533339249664     
  0.40000000000000002       -5.9410165717286301     
  0.45000000000000001       -6.1533915731355862     
  0.50000000000000000       -6.3340214906376673     
  0.55000000000000004       -6.4850515153956199     
  0.60000000000000009       -6.6079521961030956     
  0.65000000000000002       -6.7035415756379901     
  0.70000000000000007       -6.7720161600402289     
  0.75000000000000000       -6.8135152760132431     
  0.80000000000000004       -6.8289806995198106     
  0.85000000000000009       -6.8196456180618981     
  0.90000000000000002       -6.7860472487675398     
  0.95000000000000007       -6.7287425196053494     
   1.0000000000000000       -6.6489830922837818     
   1.0500000000000000       -6.5479223652709235     
   1.1000000000000001       -6.4269831056440845     
   1.1500000000000001       -6.2878276119686314     
   1.2000000000000002       -6.1319940993455617     
   1.2500000000000000       -5.9612746715381695     
   1.3000000000000000       -5.7769716183836790     
   1.3500000000000001       -5.5807229318489657     
   1.4000000000000001       -5.3739615722322309     
   1.4500000000000002       -5.1582579320026056     
   1.5000000000000000       -4.9349821053507341     
   1.5500000000000000       -4.7054720338919473     
   1.6000000000000001       -4.4709838167145461     
   1.6500000000000001       -4.2328075242142722     
   1.7000000000000002       -3.9920364278601088     
   1.7500000000000000       -3.7495499319713090     
   1.8000000000000000       -3.5069594200509693     
   1.8500000000000001       -3.2651732663641866     
   1.9000000000000001       -3.0229692268654640     
   1.9500000000000002       -2.7805552111664849     
   2.0000000000000000       -2.5450083510746770     
   2.0500000000000003       -2.3237320497975498     
   2.1000000000000001       -2.1178632587054613     
   2.1499999999999999       -1.9271287245264137     
   2.2000000000000002       -1.7509851589829304     
   2.2500000000000000       -1.5891417592411048     
   2.3000000000000003       -1.4410839395900115     
   2.3500000000000001       -1.3064892494889042     
   2.4000000000000004       -1.1849064478205986     
   2.4500000000000002       -1.0758938235794946     
   2.5000000000000000      -0.97902630243256805     
   2.5500000000000003      -0.89363581718531337     
   2.6000000000000001      -0.81840884293318716     
   2.6500000000000004      -0.75184052302608717     
   2.7000000000000002      -0.69241631210041643     
   2.7500000000000000      -0.63861845345961887     
   2.8000000000000003      -0.58913104869993804     
   2.8500000000000001      -0.54333768721922904     
   2.9000000000000004      -0.50082579341090705     
   2.9500000000000002      -0.46118899036488542     
   3.0000000000000000      -0.42399312015818430     
   3.0500000000000003      -0.38892509138732034     
   3.1000000000000001      -0.35609674813345882     
   3.1500000000000004      -0.32571317140324552     
   3.2000000000000002      -0.29799351530732132     
   3.2500000000000000      -0.27314250999632472     
   3.3000000000000003      -0.25127469570915240     
   3.3500000000000001      -0.23209686015590220     
   3.4000000000000004      -0.21521898434019202     
   3.4500000000000002      -0.20025760578999635     
   3.5000000000000000      -0.18681707691366534     
   3.5500000000000003      -0.17458034923990159     
   3.6000000000000001      -0.16343854713810674     
   3.6500000000000004      -0.15338769788897744     
   3.7000000000000002      -0.14438062728880841     
   3.7500000000000000      -0.13641440401966226     
   3.8000000000000003      -0.12941308499004822     
   3.8500000000000001      -0.12324498326055480     
   3.9000000000000004      -0.11772389558337268     
   3.9500000000000002      -0.11267251912280539     
   4.0000000000000000      -0.10792550746871815     
   4.0499999999999998      -0.10331786737964696     
   4.1000000000000005       -9.8827262157721057E-002
   4.1500000000000004       -9.4452319289454301E-002
   4.2000000000000002       -9.0186346271987516E-002
   4.2500000000000000       -8.6027700590944972E-002
   4.2999999999999998       -8.1972351360707227E-002
   4.3500000000000005       -7.8017139109867378E-002
   4.4000000000000004       -7.4159045883118224E-002
   4.4500000000000002       -7.0394221778277921E-002
   4.5000000000000000       -6.6720000000000002E-002
   4.5499999999999998       -6.3136011407392861E-002
   4.6000000000000005       -5.9656142295408360E-002
   4.6500000000000004       -5.6295349699186939E-002
   4.7000000000000002       -5.3071999512775150E-002
   4.7500000000000000       -5.0000214614129734E-002
   4.8000000000000007       -4.7093959368728761E-002
   4.8500000000000005       -4.4349778160005224E-002
   4.9000000000000004       -4.1760612220507212E-002
   4.9500000000000002       -3.9320917164851782E-002
   5.0000000000000000       -3.7023009241870908E-002
   5.0500000000000007       -3.4860154459799661E-002
   5.1000000000000005       -3.2827858308538849E-002
   5.1500000000000004       -3.0919089664014038E-002
   5.2000000000000002       -2.9129927078171688E-002
   5.2500000000000000       -2.7452740478056108E-002
   5.3000000000000007       -2.5884581194099483E-002
   5.3500000000000005       -2.4417005035414271E-002
   5.4000000000000004       -2.3046400957839368E-002
   5.4500000000000002       -2.1765951308776465E-002
   5.5000000000000000       -2.0570194733001080E-002
   5.5500000000000007       -1.9453329644676151E-002
   5.6000000000000005       -1.8408453706220834E-002
   5.6500000000000004       -1.7431989391390425E-002
   5.7000000000000002       -1.6516845710884017E-002
   5.7500000000000000       -1.5657812883448349E-002
   5.8000000000000007       -1.4849433657376575E-002
   5.8500000000000005       -1.4084707705023441E-002
   5.9000000000000004       -1.3358168771349318E-002
   5.9500000000000002       -1.2665609186923322E-002
   6.0000000000000000       -1.1999861102073175E-002
   6.0500000000000007       -1.1356755906416148E-002
   6.1000000000000005       -1.0734003526796694E-002
   6.1500000000000004       -1.0132885058032962E-002
   6.2000000000000002       -9.5519434551120247E-003
   6.2500000000000000       -8.9910472826307316E-003
   6.3000000000000007       -8.4499554096671269E-003
   6.3500000000000005       -7.9283130532472081E-003
   6.4000000000000004       -7.4258589738746819E-003
   6.4500000000000002       -6.9421471540743870E-003
   6.5000000000000000       -6.4769034592094951E-003
   6.5500000000000007       -6.0298774630142557E-003
   6.6000000000000005       -5.6005602943193615E-003
   6.6500000000000004       -5.1887493481427320E-003
   6.7000000000000002       -4.7940279445576293E-003
   6.7500000000000000       -4.4161957854064399E-003
   6.8000000000000007       -4.0547562727537029E-003
   6.8500000000000005       -3.7094564028788820E-003
   6.9000000000000004       -3.3800201991363308E-003
   6.9500000000000002       -3.0660277652397152E-003
   7.0000000000000000       -2.7671711599894450E-003
   7.0500000000000007       -2.4831230505643828E-003
   7.1000000000000005       -2.2136050080621746E-003
   7.1500000000000004       -1.9581384060967525E-003
   7.2000000000000002       -1.7165813741833239E-003
   7.2500000000000000       -1.4885158762873677E-003
   7.3000000000000007       -1.2735315032888826E-003
   7.3500000000000005       -1.0714837240844654E-003
   7.4000000000000004       -8.8182726732358965E-004
   7.4500000000000002       -7.0435028568244695E-004
   7.5000000000000000       -5.3870880109493913E-004
   7.5500000000000007       -3.8455780027273111E-004
   7.6000000000000005       -2.4157444700966858E-004
   7.6500000000000004       -1.0941121330038136E-004
   7.7000000000000002        1.2248208387583426E-005
   7.7500000000000000        1.2373563933214366E-004
   7.8000000000000007        2.2539790899786866E-004
   7.8500000000000005        3.1754465620370418E-004
   7.9000000000000004        4.0052784541454368E-004
   7.9500000000000002        4.7466987274798807E-004
   8.0000000000000000        5.4030722059456124E-004
   8.0500000000000007        5.9776499924081800E-004
   8.0999999999999996        6.4738082457364431E-004
   8.1500000000000004        6.8948387247289738E-004
   8.2000000000000011        7.2441221683557870E-004
   8.2500000000000000        7.5248738902140692E-004
   8.3000000000000007        7.7404920519059505E-004
   8.3499999999999996        7.8943190584333540E-004
   8.4000000000000004        7.9895097875695340E-004
   8.4500000000000011        8.0295988472057274E-004
   8.5000000000000000        8.0177384273652757E-004
   8.5500000000000007        7.9573882562420056E-004
   8.5999999999999996        7.8517096192282955E-004
   8.6500000000000004        7.7042196112582484E-004
   8.7000000000000011        7.5180468215970461E-004
   8.7500000000000000        7.2965966304928563E-004
   8.8000000000000007        7.0431884151907383E-004
   8.8499999999999996        6.7610762636587877E-004
   8.9000000000000004        6.4536708076601908E-004
   8.9500000000000011        6.1242465849870530E-004
   9.0000000000000000        5.7760975079760354E-004
   9.0500000000000007        5.4126748407903619E-004
   9.0999999999999996        5.0371214189203557E-004
   9.1500000000000004        4.6528894854122062E-004
   9.2000000000000011        4.2631595699357892E-004
   9.2500000000000000        3.8714183597029930E-004
   9.3000000000000007        3.4807819967409403E-004
   9.3499999999999996        3.0948018051896371E-004
   9.4000000000000004        2.7166465369990629E-004
   9.4500000000000011        2.3496601876283853E-004
   9.5000000000000000        1.9972407561651362E-004
   9.5500000000000007        1.6625325040454489E-004
   9.6000000000000014        1.3490216595283451E-004
   9.6500000000000004        1.0599591958320257E-004
   9.7000000000000011        7.9864132425506480E-005
   9.7500000000000000        5.6844107863674000E-005
   9.8000000000000007        3.7265659750956981E-005
   9.8500000000000014        2.1459581120287161E-005
   9.9000000000000004        9.7588253270870298E-006
   9.9500000000000011        2.4948004649610599E-006
