  -2.0000000000000000        0.0000000000000000     
  -1.9733333333333334        0.0000000000000000     
  -1.9466666666666668        0.0000000000000000     
  -1.9199999999999999        0.0000000000000000     
  -1.8933333333333333        0.0000000000000000     
  -1.8666666666666667        0.0000000000000000     
  -1.8400000000000001        0.0000000000000000     
  -1.8133333333333332        0.0000000000000000     
  -1.7866666666666666        0.0000000000000000     
  -1.7600000000000000        0.0000000000000000     
  -1.7333333333333334        0.0000000000000000     
  -1.7066666666666666        0.0000000000000000     
  -1.6799999999999999        0.0000000000000000     
  -1.6533333333333333        0.0000000000000000     
  -1.6266666666666667        0.0000000000000000     
  -1.6000000000000001        0.0000000000000000     
  -1.5733333333333333        0.0000000000000000     
  -1.5466666666666666        0.0000000000000000     
  -1.5200000000000000        0.0000000000000000     
  -1.4933333333333332        0.0000000000000000     
  -1.4666666666666668        0.0000000000000000     
  -1.4399999999999999        0.0000000000000000     
  -1.4133333333333333        0.0000000000000000     
  -1.3866666666666667        0.0000000000000000     
  -1.3599999999999999        0.0000000000000000     
  -1.3333333333333333        0.0000000000000000     
  -1.3066666666666666        0.0000000000000000     
  -1.2799999999999998        0.0000000000000000     
  -1.2533333333333334        0.0000000000000000     
  -1.2266666666666666        0.0000000000000000     
  -1.2000000000000000        0.0000000000000000     
  -1.1733333333333333        0.0000000000000000     
  -1.1466666666666665        0.0000000000000000     
  -1.1200000000000001        0.0000000000000000     
  -1.0933333333333333        0.0000000000000000     
  -1.0666666666666667        0.0000000000000000     
  -1.0400000000000000        0.0000000000000000     
  -1.0133333333333332        0.0000000000000000     
 -0.98666666666666658        483.07822740726419     
 -0.95999999999999996        432.33650998587626     
 -0.93333333333333335        387.56215751413293     
 -0.90666666666666651        347.96820693334450     
 -0.87999999999999989        312.72267216417623     
 -0.85333333333333328        281.33296457273963     
 -0.82666666666666666        253.36602669356026     
 -0.79999999999999982        228.43224365732277     
 -0.77333333333333321        206.14287318254438     
 -0.74666666666666659        186.20488800076555     
 -0.71999999999999997        168.31493861527491     
 -0.69333333333333336        152.20743303184412     
 -0.66666666666666652        137.60888530469754     
 -0.63999999999999990        124.31956126828038     
 -0.61333333333333329        112.12559988200361     
 -0.58666666666666667        100.83202810168424     
 -0.55999999999999983        90.315192697265729     
 -0.53333333333333321        80.549407414320342     
 -0.50666666666666660        71.498353316068417     
 -0.47999999999999998        63.143993002290927     
 -0.45333333333333314        55.460130273898564     
 -0.42666666666666653        48.440986872315051     
 -0.39999999999999991        42.069264969608987     
 -0.37333333333333329        36.329436051376064     
 -0.34666666666666646        31.184310838888557     
 -0.31999999999999984        26.593760933290756     
 -0.29333333333333322        22.514632476321569     
 -0.26666666666666661        18.906555962852320     
 -0.23999999999999999        15.725094940430552     
 -0.21333333333333315        12.928762293783032     
 -0.18666666666666654        10.471850002775222     
 -0.15999999999999992        8.3175839880453371     
 -0.13333333333333330        6.4289462723769901     
 -0.10666666666666647        4.7724220164663826     
  -7.9999999999999849E-002   3.3125633641761194     
  -5.3333333333333233E-002   2.0244979711326607     
  -2.6666666666666616E-002  0.88664210500808771     
   0.0000000000000000      -0.12200581674556155     
   2.6666666666666838E-002  -1.0209617271013229     
   5.3333333333333677E-002  -1.8224088430879917     
   8.0000000000000071E-002  -2.5364586990323659     
  0.10666666666666691       -3.1736474483979737     
  0.13333333333333330       -3.7426717508680127     
  0.16000000000000014       -4.2494303696211055     
  0.18666666666666698       -4.6994805766685097     
  0.21333333333333337       -5.0984696569634824     
  0.24000000000000021       -5.4512001697727968     
  0.26666666666666661       -5.7618833726542356     
  0.29333333333333345       -6.0351297015265644     
  0.32000000000000028       -6.2746062618565972     
  0.34666666666666668       -6.4836951687031608     
  0.37333333333333352       -6.6646521238655101     
  0.40000000000000036       -6.8199758822880678     
  0.42666666666666675       -6.9520396830981230     
  0.45333333333333359       -7.0625977789132861     
  0.47999999999999998       -7.1535547419150625     
  0.50666666666666682       -7.2266875689975212     
  0.53333333333333366       -7.2835592781055638     
  0.56000000000000005       -7.3252943834829178     
  0.58666666666666689       -7.3530032872280877     
  0.61333333333333329       -7.3678634563999745     
  0.64000000000000012       -7.3707844969273104     
  0.66666666666666696       -7.3625729781942750     
  0.69333333333333336       -7.3441555214881005     
  0.72000000000000020       -7.3162220516795013     
  0.74666666666666703       -7.2794811745742560     
  0.77333333333333343       -7.2345342285549599     
  0.80000000000000027       -7.1819869490740302     
  0.82666666666666666       -7.1223165234680987     
  0.85333333333333350       -7.0561620694876304     
  0.88000000000000034       -6.9838366105788880     
  0.90666666666666673       -6.9060322817769286     
  0.93333333333333357       -6.8231746497308015     
  0.96000000000000041       -6.7354730759239434     
  0.98666666666666680       -6.6435167944530553     
   1.0133333333333336       -6.5473609301024833     
   1.0400000000000000       -6.4478702434202706     
   1.0666666666666669       -6.3446598925723006     
   1.0933333333333337       -6.2389967974754192     
   1.1200000000000001       -6.1303921089825337     
   1.1466666666666669       -6.0195881064337833     
   1.1733333333333333       -5.9062295537296947     
   1.2000000000000002       -5.7909837389891372     
   1.2266666666666670       -5.6737622760153208     
   1.2533333333333334       -5.5542479843919423     
   1.2800000000000002       -5.4335582579845552     
   1.3066666666666671       -5.3112460728632076     
   1.3333333333333335       -5.1885663585152511     
   1.3600000000000003       -5.0644332436224113     
   1.3866666666666667       -4.9404385078970305     
   1.4133333333333336       -4.8155873411176540     
   1.4400000000000004       -4.6911479949059718     
   1.4666666666666668       -4.5660452458232381     
   1.4933333333333336       -4.4413304042855097     
   1.5200000000000000       -4.3159603015798567     
   1.5466666666666669       -4.1910348709337910     
   1.5733333333333337       -4.0659138765788789     
   1.6000000000000001       -3.9410259375522614     
   1.6266666666666669       -3.8162222605261316     
   1.6533333333333338       -3.6921355164936243     
   1.6800000000000002       -3.5686052462085138     
   1.7066666666666670       -3.4452714085627760     
   1.7333333333333334       -3.3228605398815909     
   1.7600000000000002       -3.2007114032256081     
   1.7866666666666671       -3.0796143617097549     
   1.8133333333333335       -2.9584917903045551     
   1.8400000000000003       -2.8385114497058686     
   1.8666666666666667       -2.7184988052532391     
   1.8933333333333335       -2.5996648015272825     
   1.9200000000000004       -2.4812168850415182     
   1.9466666666666668       -2.3644506411707207     
   1.9733333333333336       -2.2495088778098613     
   2.0000000000000000       -2.1369733311786367     
   2.0266666666666673       -2.0278587515917033     
   2.0533333333333337       -1.9222911716152815     
   2.0800000000000001       -1.8211926310540290     
   2.1066666666666674       -1.7242370527101798     
   2.1333333333333337       -1.6323796217362700     
   2.1600000000000001       -1.5448219362404583     
   2.1866666666666665       -1.4619658683546297     
   2.2133333333333338       -1.3830863525236254     
   2.2400000000000002       -1.3086623212553601     
   2.2666666666666666       -1.2382775316760350     
   2.2933333333333339       -1.1727913635196936     
   2.3200000000000003       -1.1114955536403417     
   2.3466666666666667       -1.0546192938341254     
   2.3733333333333340       -1.0011762672634901     
   2.4000000000000004      -0.95100259744210192     
   2.4266666666666667      -0.90332686085295233     
   2.4533333333333340      -0.85800838321485740     
   2.4800000000000004      -0.81534272874154734     
   2.5066666666666668      -0.77520261484619568     
   2.5333333333333332      -0.73776044971029586     
   2.5600000000000005      -0.70255788347197834     
   2.5866666666666669      -0.66972488745943126     
   2.6133333333333333      -0.63875763646108663     
   2.6400000000000006      -0.60975633556727837     
   2.6666666666666670      -0.58226184729891606     
   2.6933333333333334      -0.55630937144077963     
   2.7200000000000006      -0.53154507633682690     
   2.7466666666666670      -0.50792062424233264     
   2.7733333333333334      -0.48540453215300872     
   2.8000000000000007      -0.46399587887307425     
   2.8266666666666671      -0.44362257795910115     
   2.8533333333333335      -0.42445647728675612     
   2.8799999999999999      -0.40657102107798537     
   2.9066666666666672      -0.38999362353118222     
   2.9333333333333336      -0.37483081292745091     
   2.9600000000000000      -0.36072305232993479     
   2.9866666666666672      -0.34745724966225455     
   3.0133333333333336      -0.33463655097657818     
   3.0400000000000000      -0.32223210323317436     
   3.0666666666666673      -0.31015204784755962     
   3.0933333333333337      -0.29850673837580910     
   3.1200000000000001      -0.28723662703399944     
   3.1466666666666674      -0.27644493917477136     
   3.1733333333333338      -0.26608984426236121     
   3.2000000000000002      -0.25619223122076162     
   3.2266666666666666      -0.24679485387475703     
   3.2533333333333339      -0.23791805804454791     
   3.2800000000000002      -0.22957253300997243     
   3.3066666666666666      -0.22167166101907615     
   3.3333333333333339      -0.21423643681970089     
   3.3600000000000003      -0.20717356743602017     
   3.3866666666666667      -0.20049279663906869     
   3.4133333333333340      -0.19409926524355492     
   3.4400000000000004      -0.18799796783181488     
   3.4666666666666668      -0.18209697166684366     
   3.4933333333333341      -0.17640406393797509     
   3.5200000000000005      -0.17083442895538775     
   3.5466666666666669      -0.16543328236901303     
   3.5733333333333333      -0.16017765702429770     
   3.6000000000000005      -0.15512200348375316     
   3.6266666666666669      -0.15026339375825620     
   3.6533333333333333      -0.14562502747044448     
   3.6800000000000006      -0.14123287997370737     
   3.7066666666666670      -0.13710002981998137     
   3.7333333333333334      -0.13325768152472084     
   3.7600000000000007      -0.12970062436382415     
   3.7866666666666671      -0.12646307070800955     
   3.8133333333333335      -0.12346729359381059     
   3.8400000000000007      -0.12072036957833224     
   3.8666666666666671      -0.11815161402649331     
   3.8933333333333335      -0.11575096094533344     
   3.9200000000000008      -0.11346973946169381     
   3.9466666666666672      -0.11127987207234162     
   3.9733333333333336      -0.10912613955864713     
   4.0000000000000000      -0.10700087651294292     
   4.0266666666666673      -0.10485438993457769     
   4.0533333333333337      -0.10269296060739999     
   4.0800000000000001      -0.10051799333061937     
   4.1066666666666674       -9.8318674653810362E-002
   4.1333333333333337       -9.6124046938099755E-002
   4.1600000000000001       -9.3914846408225700E-002
   4.1866666666666674       -9.1713226797525110E-002
   4.2133333333333338       -8.9502531027354282E-002
   4.2400000000000002       -8.7305905080463903E-002
   4.2666666666666675       -8.5106169090664180E-002
   4.2933333333333339       -8.2927212282438600E-002
   4.3200000000000003       -8.0752266261122807E-002
   4.3466666666666667       -7.8605086576894925E-002
   4.3733333333333340       -7.6472909972272296E-002
   4.4000000000000004       -7.4363943505548563E-002
   4.4266666666666667       -7.2280880607729525E-002
   4.4533333333333340       -7.0229219200091744E-002
   4.4800000000000004       -6.8214101659730408E-002
   4.5066666666666668       -6.6227359732832350E-002
   4.5333333333333341       -6.4286222289450773E-002
   4.5600000000000005       -6.2376501839363704E-002
   4.5866666666666669       -6.0515421711150520E-002
   4.6133333333333342       -5.8686933249647411E-002
   4.6400000000000006       -5.6907537597756755E-002
   4.6666666666666670       -5.5163184914394647E-002
   4.6933333333333334       -5.3467136637087249E-002
   4.7200000000000006       -5.1807411723427614E-002
   4.7466666666666670       -5.0198571901462687E-002
   4.7733333333333334       -4.8632501043956382E-002
   4.8000000000000007       -4.7106437339800564E-002
   4.8266666666666671       -4.5626790453312666E-002
   4.8533333333333335       -4.4187302433141125E-002
   4.8800000000000008       -4.2791919651069210E-002
   4.9066666666666672       -4.1438717525408120E-002
   4.9333333333333336       -4.0128698000794188E-002
   4.9600000000000009       -3.8854272118145329E-002
   4.9866666666666672       -3.7625439617922279E-002
   5.0133333333333336       -3.6430433065542077E-002
   5.0400000000000000       -3.5280266409642033E-002
   5.0666666666666673       -3.4163280785680206E-002
   5.0933333333333337       -3.3088192770041568E-002
   5.1200000000000001       -3.2044789215393082E-002
   5.1466666666666674       -3.1039702780148323E-002
   5.1733333333333338       -3.0065122242048069E-002
   5.2000000000000002       -2.9127835365903333E-002
   5.2266666666666675       -2.8222708005220379E-002
   5.2533333333333339       -2.7344764851177761E-002
   5.2800000000000002       -2.6500550035861381E-002
   5.3066666666666675       -2.5683607399369233E-002
   5.3333333333333339       -2.4897779290076302E-002
   5.3600000000000003       -2.4135572639017187E-002
   5.3866666666666667       -2.3404864046397886E-002
   5.4133333333333340       -2.2696123575539972E-002
   5.4400000000000004       -2.2015658981388093E-002
   5.4666666666666668       -2.1357066393103481E-002
   5.4933333333333341       -2.0724807934152926E-002
   5.5200000000000005       -2.0114546559028244E-002
   5.5466666666666669       -1.9525407697943267E-002
   5.5733333333333341       -1.8956479247291522E-002
   5.6000000000000005       -1.8408510950763100E-002
   5.6266666666666669       -1.7879104774175963E-002
   5.6533333333333342       -1.7368561978141395E-002
   5.6800000000000006       -1.6877128034442062E-002
   5.7066666666666670       -1.6399229737256986E-002
   5.7333333333333334       -1.5938783663631714E-002
   5.7600000000000007       -1.5492125961578718E-002
   5.7866666666666671       -1.5060789314642277E-002
   5.8133333333333335       -1.4641029602793568E-002
   5.8400000000000007       -1.4234815769805551E-002
   5.8666666666666671       -1.3838487179607190E-002
   5.8933333333333335       -1.3454185456921968E-002
   5.9200000000000008       -1.3076941696834050E-002
   5.9466666666666672       -1.2711115426606859E-002
   5.9733333333333336       -1.2352497995059832E-002
