   0.0000000000000000      -0.12200581674556155     
   2.9999999999999999E-002  -1.1262468017360199     
   5.9999999999999998E-002  -2.0087045444362310     
   8.9999999999999997E-002  -2.7838397858681532     
  0.12000000000000000       -3.4662360602823128     
  0.14999999999999999       -4.0663379050334569     
  0.17999999999999999       -4.5918985542104345     
  0.20999999999999999       -5.0512277298750075     
  0.23999999999999999       -5.4512001697727968     
  0.27000000000000002       -5.7980045511174492     
  0.29999999999999999       -6.0980392290940149     
  0.32999999999999996       -6.3564896779987734     
  0.35999999999999999       -6.5775792053372264     
  0.39000000000000001       -6.7645910194009762     
  0.41999999999999998       -6.9211338270333265     
  0.44999999999999996       -7.0498955946350979     
  0.47999999999999998       -7.1535547419150625     
  0.51000000000000001       -7.2346529402696120     
  0.54000000000000004       -7.2953492955855452     
  0.56999999999999995       -7.3372972846288400     
  0.59999999999999998       -7.3620328467279332     
  0.63000000000000000       -7.3710400169654777     
  0.65999999999999992       -7.3655944664545547     
  0.68999999999999995       -7.3469842618671795     
  0.71999999999999997       -7.3162220516795085     
  0.75000000000000000       -7.2742882166259299     
  0.78000000000000003       -7.2221288295583017     
  0.80999999999999994       -7.1604759417977899     
  0.83999999999999997       -7.0899882433753509     
  0.87000000000000000       -7.0116157423274217     
  0.89999999999999991       -6.9259749258396059     
  0.92999999999999994       -6.8337870089171222     
  0.95999999999999996       -6.7354730759239470     
  0.98999999999999999       -6.6317484390804271     
   1.0200000000000000       -6.5228784349682707     
   1.0500000000000000       -6.4095851055268014     
   1.0800000000000001       -6.2922555005973564     
   1.1099999999999999       -6.1712761103564482     
   1.1399999999999999       -6.0475772205878595     
   1.1699999999999999       -5.9204507438910161     
   1.2000000000000000       -5.7909837389891372     
   1.2300000000000000       -5.6589558009666483     
   1.2600000000000000       -5.5241352612727788     
   1.2900000000000000       -5.3879309702362566     
   1.3199999999999998       -5.2500034069955781     
   1.3499999999999999       -5.1110025056465771     
   1.3799999999999999       -4.9715141992559531     
   1.4099999999999999       -4.8312020648675844     
   1.4399999999999999       -4.6911479949059700     
   1.4700000000000000       -4.5504663414982494     
   1.5000000000000000       -4.4099970565740376     
   1.5300000000000000       -4.2692036841592271     
   1.5600000000000001       -4.1283475214753924     
   1.5899999999999999       -3.9879394650786808     
   1.6199999999999999       -3.8472228401860189     
   1.6499999999999999       -3.7076751682199127     
   1.6799999999999999       -3.5686052462085138     
   1.7100000000000000       -3.4298706096838583     
   1.7400000000000000       -3.2923464536529639     
   1.7700000000000000       -3.1552571838417975     
   1.7999999999999998       -3.0189851378068733     
   1.8299999999999998       -2.8834941201145252     
   1.8599999999999999       -2.7483257128733878     
   1.8899999999999999       -2.6145555832981149     
   1.9199999999999999       -2.4812168850415190     
   1.9500000000000000       -2.3499455660169000     
   1.9800000000000000       -2.2212076761516935     
   2.0099999999999998       -2.0955705700517528     
   2.0400000000000000       -1.9747335524187752     
   2.0699999999999998       -1.8585440800730764     
   2.1000000000000001       -1.7480278697400480     
   2.1299999999999999       -1.6436113726639692     
   2.1600000000000001       -1.5448219362404583     
   2.1899999999999999       -1.4518956665462763     
   2.2199999999999998       -1.3640790216456096     
   2.2500000000000000       -1.2817772509529817     
   2.2799999999999998       -1.2049762051341313     
   2.3100000000000001       -1.1339098218667831     
   2.3399999999999999       -1.0685679138780619     
   2.3700000000000001       -1.0076562491172236     
   2.3999999999999999      -0.95100259744210314     
   2.4299999999999997      -0.89755305879590264     
   2.4600000000000000      -0.84706663788236847     
   2.4899999999999998      -0.80001775475363623     
   2.5200000000000000      -0.75613836336079121     
   2.5499999999999998      -0.71549150538955231     
   2.5800000000000001      -0.67773997201350189     
   2.6099999999999999      -0.64252025838028226     
   2.6399999999999997      -0.60975633556727948     
   2.6699999999999999      -0.57893721990285940     
   2.6999999999999997      -0.55000107281475119     
   2.7300000000000000      -0.52259438025190663     
   2.7599999999999998      -0.49650776835142707     
   2.7900000000000000      -0.47193078008751321     
   2.8199999999999998      -0.44859308591717439     
   2.8500000000000001      -0.42678822149032075     
   2.8799999999999999      -0.40657102107798537     
   2.9099999999999997      -0.38802137623351191     
   2.9399999999999999      -0.37122326841699715     
   2.9699999999999998      -0.35566081966000679     
   3.0000000000000000      -0.34099968531321373     
   3.0299999999999998      -0.32683804152572749     
   3.0600000000000001      -0.31313141399423383     
   3.0899999999999999      -0.29994369268380727     
   3.1200000000000001      -0.28723662703399944     
   3.1499999999999999      -0.27512043633780842     
   3.1799999999999997      -0.26358442520184111     
   3.2100000000000000      -0.25260218325252626     
   3.2399999999999998      -0.24230340492487412     
   3.2700000000000000      -0.23263254930340216     
   3.2999999999999998      -0.22360131752168627     
   3.3300000000000001      -0.21514196445748540     
   3.3599999999999999      -0.20717356743602061     
   3.3899999999999997      -0.19967631795402993     
   3.4199999999999999      -0.19254382334011180     
   3.4499999999999997      -0.18576237725276312     
   3.4800000000000000      -0.17923297647119740     
   3.5099999999999998      -0.17291203394579718     
   3.5400000000000000      -0.16677193808251589     
   3.5699999999999998      -0.16082223074341409     
   3.5999999999999996      -0.15512200348375321     
   3.6299999999999999      -0.14967688559261669     
   3.6599999999999997      -0.14450469856981954     
   3.6899999999999999      -0.13965539896537879     
   3.7199999999999998      -0.13513401060445493     
   3.7500000000000000      -0.13099600694813182     
   3.7799999999999998      -0.12724241282904181     
   3.8100000000000001      -0.12382709147132329     
   3.8399999999999999      -0.12072036957833204     
   3.8699999999999997      -0.11784507819076354     
   3.8999999999999999      -0.11517230890163840     
   3.9299999999999997      -0.11264306222228128     
   3.9600000000000000      -0.11020187721148395     
   3.9899999999999998      -0.10780031162246236     
   4.0199999999999996      -0.10538882962712258     
   4.0499999999999998      -0.10296531632902671     
   4.0800000000000001      -0.10051799333061937     
   4.1099999999999994       -9.8043148832762217E-002
   4.1399999999999997       -9.5571341343102911E-002
   4.1699999999999999       -9.3086320938749370E-002
   4.2000000000000002       -9.0606744094958239E-002
   4.2299999999999995       -8.8127298964798512E-002
   4.2599999999999998       -8.5654863632734279E-002
   4.2900000000000000       -8.3200170442623123E-002
   4.3200000000000003       -8.0752266261122807E-002
   4.3499999999999996       -7.8336949820224794E-002
   4.3799999999999999       -7.5947062450999039E-002
   4.4100000000000001       -7.3578171092773870E-002
   4.4399999999999995       -7.1254145921022430E-002
   4.4699999999999998       -6.8962792538223683E-002
   4.5000000000000000       -6.6720000000000002E-002
   4.5300000000000002       -6.4525648666841448E-002
   4.5599999999999996       -6.2376501839363649E-002
   4.5899999999999999       -6.0284325507757197E-002
   4.6200000000000001       -5.8236440418288633E-002
   4.6499999999999995       -5.6248481749155324E-002
   4.6799999999999997       -5.4313456324433497E-002
   4.7100000000000000       -5.2424676657257530E-002
   4.7400000000000002       -5.0598475678719015E-002
   4.7699999999999996       -4.8824418410151851E-002
   4.7999999999999998       -4.7106437339800550E-002
   4.8300000000000001       -4.5445985074077558E-002
   4.8599999999999994       -4.3834100660282066E-002
   4.8899999999999997       -4.2281417324109345E-002
   4.9199999999999999       -4.0776100475423425E-002
   4.9500000000000002       -3.9327317212056914E-002
   4.9799999999999995       -3.7927629297533183E-002
   5.0099999999999998       -3.6577780436688134E-002
   5.0400000000000000       -3.5280266409642033E-002
   5.0699999999999994       -3.4026437421267652E-002
   5.0999999999999996       -3.2823987558750087E-002
   5.1299999999999999       -3.1665722589854589E-002
   5.1600000000000001       -3.0548552733204521E-002
   5.1899999999999995       -2.9477527636191578E-002
   5.2199999999999998       -2.8444351214639514E-002
   5.2500000000000000       -2.7452767766112655E-002
   5.2799999999999994       -2.6500550035861398E-002
   5.3099999999999996       -2.5583214706177509E-002
   5.3399999999999999       -2.4704501830717408E-002
   5.3700000000000001       -2.3857208026423955E-002
   5.3999999999999995       -2.3047408616116111E-002
   5.4299999999999997       -2.2269505737006912E-002
   5.4600000000000000       -2.1520003164026948E-002
   5.4900000000000002       -2.0803008596805190E-002
   5.5199999999999996       -2.0114546559028258E-002
   5.5499999999999998       -1.9453033075829417E-002
   5.5800000000000001       -1.8818131563130600E-002
   5.6099999999999994       -1.8207681006571788E-002
   5.6399999999999997       -1.7622699059742168E-002
   5.6699999999999999       -1.7058867376639149E-002
   5.7000000000000002       -1.6516847424374845E-002
   5.7299999999999995       -1.5995337025681875E-002
   5.7599999999999998       -1.5492125961578732E-002
   5.7900000000000000       -1.5007632069930686E-002
   5.8199999999999994       -1.4537858048068401E-002
   5.8499999999999996       -1.4084701157545768E-002
   5.8799999999999999       -1.3645305552849131E-002
   5.9100000000000001       -1.3217302866160015E-002
   5.9399999999999995       -1.2802550967033923E-002
   5.9699999999999998       -1.2396575698348804E-002
