  0.39836304970294628     
 -0.72215650216323568     
  -1.7215739737635425     
  -2.6101143619168146     
  -3.3972097426169126     
  -4.0915585439536528     
  -4.7011804641645281     
  -5.2334673520763673     
  -5.6952303441807475     
  -6.0927435312380460     
  -6.4317844075012465     
  -6.7176713372810379     
  -6.9552982565339789     
  -7.1491668113498994     
  -7.3034161205535666     
  -7.4218503360366395     
  -7.5079641618217421     
  -7.5649664811603774     
  -7.5958022301137911     
  -7.6031726459998517     
  -7.5895540097524163     
  -7.5572149925796150     
  -7.5082327092755508     
  -7.4445075730899308     
  -7.3677770401505978     
  -7.2796283250253992     
  -7.1815101630660747     
  -7.0747436896643690     
  -6.9605325014379984     
  -6.8399719596225221     
  -6.7140577915478019     
  -6.5836940419995527     
  -6.4497004224844225     
  -6.3128191029096676     
  -6.1737209869358196     
  -6.0330115092445524     
  -5.8912359901667255     
  -5.7488845805218993     
  -5.6063968271153737     
  -5.4641658871085532     
  -5.3225424174103431     
  -5.1818381633197950     
  -5.0423292688721686     
  -4.9042593296920689     
  -4.7678422076288003     
  -4.6332646250319858     
  -4.5006885552116245     
  -4.3702534244086735     
  -4.2420781394730334     
  -4.1162629543989135     
  -3.9928911878971336     
  -3.8720308032842992     
  -3.7537358611348779     
  -3.6380478543692969     
  -3.5249969347346681     
  -3.4146030389707742     
  -3.3068769223384238     
  -3.2018211066169591     
  -3.0994307491490387     
  -2.9996944390209945     
  -2.9025949260130859     
  -2.8081097875333674     
  -2.7162120383591475     
  -2.6268706876488706     
  -2.5400512473527299     
  -2.4557161958403619     
  -2.3738254002768335     
  -2.2943365010121846     
  -2.2172052610034028     
  -2.1423858830595788     
  -2.0698312974895852     
  -1.9994934225360319     
  -1.9313233997979107     
  -1.8652718066766589     
  -1.8012888477249116     
  -1.7393245266334776     
  -1.6793288004588542     
  -1.6212517175704140     
  -1.5650435406823204     
  -1.5106548562296442     
  -1.4580366712505362     
  -1.4071404988458773     
  -1.3579184332042578     
  -1.3103232151027833     
  -1.2643082887226653     
  -1.2198278505524176     
  -1.1768368910902756     
  -1.1352912300009439     
  -1.0951475453294457     
  -1.0563633973265660     
  -1.0188972473957023     
 -0.98270847262967020     
 -0.94775737636791735     
 -0.91400519516936429     
 -0.88141410256360064     
 -0.84994720991312056     
 -0.81956856469160722     
 -0.79024314645766303     
 -0.76193686077981604     
 -0.73461653134685878     
 -0.70824989047749420     
 -0.68280556822477134     
 -0.65825308025372409     
 -0.63456281465492226     
 -0.61170601784214684     
 -0.58965477966909363     
 -0.56838201788771570     
 -0.54786146205953667     
 -0.52806763702087245     
 -0.50897584599334900     
 -0.49056215342233001     
 -0.47280336761779629     
 -0.45567702326482695     
 -0.43916136386402110     
 -0.42323532415598425     
 -0.40787851257827457     
 -0.39307119379797917     
 -0.37879427135829352     
 -0.36502927047309497     
 -0.35175832099949350     
 -0.33896414061467373     
 -0.32663001822001225     
 -0.31473979759239606     
 -0.30327786129989215     
 -0.29222911489640063     
 -0.28157897140761301     
 -0.27131333611852354     
 -0.26141859167084402     
 -0.25188158347696238     
 -0.24268960545553803     
 -0.23383038609243190     
 -0.22529207482940722     
 -0.21706322878191128     
 -0.20913279978623220     
 -0.20149012177541875     
 -0.19412489848254161     
 -0.18702719146916011     
 -0.18018740847621259     
 -0.17359629209399788     
 -0.16724490874741610     
 -0.16112463799220564     
 -0.15522716211754475     
 -0.14954445605006034     
 -0.14406877755401762     
 -0.13879265772222560     
 -0.13370889175201145     
 -0.12881053000045173     
 -0.12409086931293013     
 -0.11954344461899274     
 -0.11516202078940196     
 -0.11094058474825054     
 -0.10687333783396404     
 -0.10295468840302179     
  -9.9179244670233715E-002
  -9.5541807779440185E-002
  -9.2037365098538992E-002
  -8.8661083732797311E-002
  -8.5408304250470996E-002
  -8.2274534614820705E-002
  -7.9255444316698870E-002
  -7.6346858701965115E-002
  -7.3544753488083758E-002
  -7.0845249464350821E-002
  -6.8244607370304619E-002
  -6.5739222946977968E-002
  -6.3325622155757627E-002
  -6.1000456559730951E-002
  -5.8760498862509100E-002
  -5.6602638599634519E-002
  -5.4523877977790590E-002
  -5.2521327857151669E-002
  -5.0592203872324729E-002
  -4.8733822687449226E-002
  -4.6943598381138638E-002
  -4.5219038957058581E-002
  -4.3557742976053027E-002
  -4.1957396305838834E-002
  -4.0415768984401537E-002
  -3.8930712193334577E-002
  -3.7500155337470267E-002
  -3.6122103227258520E-002
  -3.4794633360451382E-002
  -3.3515893299755850E-002
  -3.2284098143214979E-002
  -3.1097528084177536E-002
  -2.9954526057810817E-002
  -2.8853495471206608E-002
  -2.7792898014220295E-002
  -2.6771251548274106E-002
  -2.5787128070442433E-002
  -2.4839151750221868E-002
  -2.3925997036472399E-002
  -2.3046386832096640E-002
  -2.2199090734103297E-002
  -2.1382923336776580E-002
  -2.0596742595749305E-002
  -1.9839448250848865E-002
  -1.9109980305655812E-002
  -1.8407317561783720E-002
  -1.7730476205954575E-002
