   765.25419361589002     
   641.85669382883304     
   537.51828920570392     
   449.35468435487121     
   374.91367985576505     
   312.11077198727634     
   259.17432545515089     
   214.59889804827441     
   177.10550695621328     
   145.60780602375868     
   119.18329613692383     
   97.048821176235293     
   78.539712899472235     
   63.092042590996321     
   50.227517777724955     
   39.540630840232012     
   30.687724711028089     
   23.377690558030061     
   17.364054683373276     
   12.438247919516989     
   8.4238815073918669     
   5.1718795883993121     
   2.5563407090498598     
  0.47101969938894611     
  -1.1736625657467639     
  -2.4531602627064113     
  -3.4309616028389498     
  -4.1604227638814466     
  -4.6863253384523267     
  -5.0461986399509922     
  -5.2714420508097701     
  -5.3882773572073051     
  -5.4185565523136558     
  -5.3804467913063538     
  -5.2890109473279576     
  -5.1566994644076560     
  -4.9937668597371774     
  -4.8086242327639210     
  -4.6081374405525635     
  -4.3978791536662332     
  -4.1823417768694719     
  -3.9651171722721847     
  -3.7490482318778535     
  -3.5363565886752126     
  -3.3287501106685649     
  -3.1275132737583742     
  -2.9335830428390990     
  -2.7476124936807031     
  -2.5700240707201449     
  -2.4010540889691541     
  -2.2407898443170273     
  -2.0892004891641793     
  -1.9461626541075616     
  -1.8114816466685431     
  -1.6849089308536704     
  -1.5661564833032438     
  -1.4549085300473792     
  -1.3508310900158254     
  -1.2535796853612908     
  -1.1628055225904304     
  -1.0781604009491894     
 -0.99930056420136404     
 -0.92588967778301423     
 -0.85760108438534322     
 -0.79411946652760379     
 -0.73514202395982131     
 -0.68037925621332274     
 -0.62955542581090174     
 -0.58240876514634210     
 -0.53869147949498508     
 -0.49816958972561554     
 -0.46062265079647641     
 -0.42584337581989801     
 -0.39363719018853055     
 -0.36382173581659466     
 -0.33622634183039146     
 -0.31069147493202270     
 -0.28706818006409807     
 -0.26521751984089897     
 -0.24501001941492609     
 -0.22632512195925109     
 -0.20905065871679113     
 -0.19308233655608439     
 -0.17832324514438541     
 -0.16468338517327358     
 -0.15207921852445802     
 -0.14043324082290476     
 -0.12967357647298119     
 -0.11973359599595583     
 -0.11055155527122573     
 -0.10207025611842041     
  -9.4236727534075804E-002
  -8.7001926807360477E-002
  -8.0320459678072539E-002
  -7.4150318661520220E-002
  -6.8452638644560873E-002
  -6.3191468851310509E-002
  -5.8333560282814341E-002
  -5.3848167749739148E-002
  -4.9706865638832025E-002
  -4.5883376580746114E-002
  -4.2353412217463471E-002
  -3.9094525300780884E-002
  -3.6085972388233127E-002
  -3.3308586438655585E-002
  -3.0744658645721307E-002
  -2.8377828883755729E-002
  -2.6192984175556620E-002
  -2.4176164626535761E-002
  -2.2314476303043798E-002
  -2.0596010565071009E-002
  -1.9009769394532795E-002
  -1.7545596289971647E-002
  -1.6194112326697634E-002
  -1.4946657008133437E-002
  -1.3795233559427892E-002
  -1.2732458338277387E-002
  -1.1751514060376923E-002
  -1.0846106558053322E-002
  -1.0010424810461084E-002
  -9.2391040022965117E-003
  -8.5271913853655606E-003
  -7.8701147335822168E-003
  -7.2636531971336290E-003
  -6.7039103756859307E-003
  -6.1872894436760884E-003
  -5.7104701729970920E-003
  -5.2703877097908039E-003
  -4.8642129726668426E-003
  -4.4893345495183971E-003
  -4.1433419792539844E-003
  -3.8240103132549238E-003
  -3.5292858592448355E-003
  -3.2572730175610479E-003
  -3.0062221265880341E-003
  -2.7745182403860346E-003
  -2.5606707673587136E-003
  -2.3633039041849923E-003
  -2.1811478042214347E-003
  -2.0130304241927563E-003
  -1.8578699972541333E-003
  -1.7146680844565005E-003
  -1.5825031602967980E-003
  -1.4605246914118088E-003
  -1.3479476705962089E-003
  -1.2440475712120350E-003
  -1.1481556897248769E-003
  -1.0596548465684112E-003
  -9.7797541781801441E-004
  -9.0259167226034256E-004
  -8.3301839039183023E-004
  -7.6880774367694309E-004
  -7.0954641405808266E-004
  -6.5485293524327067E-004
  -6.0437523871510702E-004
  -5.5778838871337890E-004
  -5.1479249165275966E-004
  -4.7511076655345802E-004
  -4.3848776409379078E-004
  -4.0468772284572505E-004
  -3.7349305213363272E-004
  -3.4470293176825354E-004
  -3.1813201965742694E-004
  -2.9360925898716696E-004
  -2.7097677730560657E-004
  -2.5008887043219088E-004
  -2.3081106465910569E-004
  -2.1301925121467192E-004
  -1.9659888742253791E-004
  -1.8144425941899817E-004
  -1.6745780168622487E-004
  -1.5454946902435370E-004
  -1.4263615692236550E-004
  -1.3164116659880991E-004
  -1.2149371127059927E-004
  -1.1212846047316269E-004
  -1.0348511949992963E-004
  -9.5508041254965137E-005
  -8.8145868021023159E-005
  -8.1351200837714665E-005
  -7.5080294362072579E-005
  -6.9292775247728155E-005
  -6.3951382230214695E-005
  -5.9021726245556453E-005
  -5.4472069038210000E-005
  -5.0273118833375185E-005
  -4.6397841758510669E-005
  -4.2821287800226957E-005
  -3.9520430176268489E-005
  -3.6474017088631830E-005
  -3.3662434903544544E-005
  -3.1067581877572078E-005
  -2.8672751616998196E-005
  -2.6462525520266076E-005
  -2.4422673511087661E-005
  -2.2540062423195411E-005
  -2.0802571446954401E-005
  -1.9199014093516529E-005
  -1.7719066174146852E-005
  -1.6353199331072462E-005
