   20.036282798292095     
   15.231119677977683     
   11.155166025778668     
   7.7110525879626719     
   4.8137517409267740     
   2.3890504028247435     
  0.37220968687111999     
  -1.2932114049104657     
  -2.6563881973506138     
  -3.7601359986396381     
  -4.6417046033719860     
  -5.3334751793915194     
  -5.8635714334477731     
  -6.2563955072506845     
  -6.5330977868699778     
  -6.7119886934246127     
  -6.8088995430625054     
  -6.8374987030025469     
  -6.8095685135369957     
  -6.7352477807458619     
  -6.6232440601561553     
  -6.4810194379301072     
  -6.3149530648098358     
  -6.1304833014409752     
  -5.9322319852158349     
  -5.7241130225908989     
  -5.5094272418217471     
  -5.2909452047182590     
  -5.0709794683963505     
  -4.8514476056105833     
  -4.6339271320365309     
  -4.4197033481449086     
  -4.2098109797083358     
  -4.0050703924294275     
  -3.8061190608504374     
  -3.6134388879953501     
  -3.4273798986950874     
  -3.2481807650160119     
  -3.0759865655617777     
  -2.9108641306916230     
  -2.7528152820530067     
  -2.6017882365236389     
  -2.4576874110478193     
  -2.3203818353633809     
  -2.1897123537468941     
  -2.0654977742150447     
  -1.9475401037219295     
  -1.8356289904450425     
  -1.7295454789577607     
  -1.6290651706806014     
  -1.5339608702563350     
  -1.4440047882026736     
  -1.3589703611823287     
  -1.2786337433373971     
  -1.2027750152258980     
  -1.1311791508519260     
  -1.0636367779915821     
 -0.99994476239123231     
 -0.93990664237117705     
 -0.88333293683461833     
 -0.83004134659589401     
 -0.77985686624803130     
 -0.73261182143916670     
 -0.68814584437766901     
 -0.64630579859957327     
 -0.60694566247622916     
 -0.56992637958628500     
 -0.53511568289884048     
 -0.50238789869181311     
 -0.47162373524174261     
 -0.44271006055145817     
 -0.41553967271527864     
 -0.39001106594466273     
 -0.36602819477898374     
 -0.34350023857637180     
 -0.32234136800949970     
 -0.30247051497315763     
 -0.28381114703765892     
 -0.26629104734870851     
 -0.24984210067515542     
 -0.23440008613654600     
 -0.21990447699865315     
 -0.20629824780374137     
 -0.19352768900022055     
 -0.18154222915092849     
 -0.17029426472828380     
 -0.15973899744594314     
 -0.14983427902867480     
 -0.14054046328339365     
 -0.13182026530336749     
 -0.12363862761338627     
 -0.11596259304514836     
 -0.10876118411843813     
 -0.10200528869407904     
  -9.5667551658498468E-002
  -8.9722272396490277E-002
  -8.4145307807905342E-002
  -7.8913980625145430E-002
  -7.4006992791100651E-002
  -6.9404343661270712E-002
  -6.5087252798960341E-002
  -6.1038087138434359E-002
  -5.7240292297549650E-002
  -5.3678327828495534E-002
  -5.0337606202735065E-002
  -4.7204435333919582E-002
  -4.4265964450363668E-002
  -4.1510133136526788E-002
  -3.8925623370785929E-002
  -3.6501814394549706E-002
  -3.4228740255403990E-002
  -3.2097049874466529E-002
  -3.0097969495425942E-002
  -2.8223267379832117E-002
  -2.6465220620070413E-002
  -2.4816583948080392E-002
  -2.3270560424262208E-002
  -2.1820773897147015E-002
  -2.0461243130285751E-002
  -1.9186357498438968E-002
  -1.7990854160525285E-002
  -1.6869796621916108E-002
  -1.5818554603550472E-002
  -1.4832785139993664E-002
  -1.3908414832984290E-002
  -1.3041623191210491E-002
  -1.2228826991038170E-002
  -1.1466665596688231E-002
  -1.0751987181933795E-002
  -1.0081835798772330E-002
  -9.4534392417265061E-003
  -8.8641976594528368E-003
  -8.3116728681941251E-003
  -7.7935783243099971E-003
  -7.3077697156659939E-003
  -6.8522361340637274E-003
  -6.4250917931596161E-003
  -6.0245682584549607E-003
  -5.6490071579516068E-003
  -5.2968533439628120E-003
  -4.9666484783530808E-003
  -4.6570250151610230E-003
  -4.3667005561401542E-003
  -4.0944725562402111E-003
  -3.8392133574514176E-003
  -3.5998655307498328E-003
  -3.3754375071200523E-003
  -3.1649994797949962E-003
  -2.9676795609462126E-003
  -2.7826601770862868E-003
  -2.6091746884108020E-003
  -2.4465042182150428E-003
  -2.2939746793731097E-003
  -2.1509539856682108E-003
  -2.0168494365149976E-003
  -1.8911052643213739E-003
  -1.7732003344004079E-003
  -1.6626459879660531E-003
  -1.5589840193308917E-003
  -1.4617847789733930E-003
  -1.3706453946571960E-003
  -1.2851881032688878E-003
  -1.2050586864945586E-003
  -1.1299250038815964E-003
  -1.0594756172320348E-003
  -9.9341850064896048E-004
  -9.3147983090960341E-004
  -8.7340285316920522E-004
  -8.1894681730960116E-004
  -7.6788598053746345E-004
  -7.2000867210990100E-004
  -6.7511641632118609E-004
  -6.3302311012453961E-004
  -5.9355425198812605E-004
  -5.5654621879590326E-004
  -5.2184558780204624E-004
  -4.8930850083378225E-004
  -4.5880006811182996E-004
  -4.3019380922125451E-004
  -4.0337112891905661E-004
  -3.7822082560871011E-004
  -3.5463863044688372E-004
  -3.3252677517422584E-004
  -3.1179358688079834E-004
  -2.9235310802817687E-004
  -2.7412474015464861E-004
  -2.5703290978792813E-004
  -2.4100675518168166E-004
  -2.2597983257829668E-004
  -2.1188984078116286E-004
  -1.9867836289547529E-004
  -1.8629062416766371E-004
  -1.7467526492017646E-004
  -1.6378412764084133E-004
  -1.5357205734463895E-004
  -1.4399671438068023E-004
  -1.3501839890870670E-004
  -1.2659988631777739E-004
  -1.1870627290510497E-004
  -1.1130483117551960E-004
