   303.35939516141042     
   254.08727115323137     
   212.23508981152105     
   176.72245237643796     
   146.62374407716865     
   121.14613794507278     
   99.610711605243367     
   81.436237420308288     
   66.125268377945375     
   53.252195387416933     
   42.452997412868669     
   33.416445180930005     
   25.876552966824406     
   19.606101968104571     
   14.411083689504686     
   10.125933162883017     
   6.6094402081804278     
   3.7412427302937235     
   1.4188196083255551     
 -0.44508761812564862     
  -1.9246850563531170     
  -3.0830209595316855     
  -3.9736092351818240     
  -4.6418204426412695     
  -5.1260733155392213     
  -5.4588551703240524     
  -5.6675955471331205     
  -5.7754139815834273     
  -5.8017598454058854     
  -5.7629596515239916     
  -5.6726850361599279     
  -5.5423527561313000     
  -5.3814664301239192     
  -5.1979083709770331     
  -4.9981886697606273     
  -4.7876576740557653     
  -4.5706871286584470     
  -4.3508244965497145     
  -4.1309243339174824     
  -3.9132600402549693     
  -3.6996188301925401     
  -3.4913823666614725     
  -3.2895951457211474     
  -3.0950224237305521     
  -2.9081992204902725     
  -2.7294717114929288     
  -2.5590321333207129     
  -2.3969481640720409     
  -2.2431876016670311     
  -2.0976390436954380     
  -1.9601291703153005     
  -1.8304371441692466     
  -1.7083065662826058     
  -1.5934553626617438     
  -1.4855839212928530     
  -1.3843817521376602     
  -1.2895329024063418     
  -1.2007203248917502     
  -1.1176293676427664     
  -1.0399505280256123     
 -0.96738159265875689     
 -0.89962926628517736     
 -0.83641037691483133     
 -0.77745273114427815     
 -0.72249568210815884     
 -0.67129046275456317     
 -0.62360032881968386     
 -0.57920054879754201     
 -0.53787827217900352     
 -0.49943230211724232     
 -0.46367279433268305     
 -0.43042090038661357     
 -0.39950837033248909     
 -0.37077712711478916     
 -0.34407882285636465     
 -0.31927438529584251     
 -0.29623356105507676     
 -0.27483446108841381     
 -0.25496311255276505     
 -0.23651302040775057     
 -0.21938474128073038     
 -0.20348547148877050     
 -0.18872865057826693     
 -0.17503358130585048     
 -0.16232506662662291     
 -0.15053306396523086     
 -0.13959235681106807     
 -0.12944224349199687     
 -0.12002624283363610     
 -0.11129181629696523     
 -0.10319010610017994     
  -9.5675688766685085E-002
  -8.8706343495876999E-002
  -8.2242834723549998E-002
  -7.6248708221552247E-002
  -7.0690100079313312E-002
  -6.5535557911055184E-002
  -6.0755873640218803E-002
  -5.6323927225453548E-002
  -5.2214540709285252E-002
  -4.8404341990294773E-002
  -4.4871637741519380E-002
  -4.1596294921159981E-002
  -3.8559630345988749E-002
  -3.5744307822675243E-002
  -3.3134242357208750E-002
  -3.0714510987417978E-002
  -2.8471269808043067E-002
  -2.6391676781719726E-002
  -2.4463819952465871E-002
  -2.2676650700703009E-002
  -2.1019921700438506E-002
  -1.9484129259925039E-002
  -1.8060459746869945E-002
  -1.6740739818083279E-002
  -1.5517390191317489E-002
  -1.4383382713981556E-002
  -1.3332200499420473E-002
  -1.2357800916558706E-002
  -1.1454581232946272E-002
  -1.0617346724642200E-002
  -9.8412810789615703E-003
  -9.1219189279305446E-003
  -8.4551203613742933E-003
  -7.8370472789442130E-003
  -7.2641414501050808E-003
  -6.7331041601888051E-003
  -6.2408773291122181E-003
  -5.7846259972849359E-003
  -5.3617220806348141E-003
  -4.9697293035812565E-003
  -4.6063892252233701E-003
  -4.2696082800082668E-003
  -3.9574457597318837E-003
  -3.6681026689280808E-003
  -3.3999113905442704E-003
  -3.1513261033086241E-003
  -2.9209138963859154E-003
  -2.7073465308177940E-003
  -2.5093928008680542E-003
  -2.3259114517627470E-003
  -2.1558446134462934E-003
  -1.9982117128840640E-003
  -1.8521038301446688E-003
  -1.7166784660055414E-003
  -1.5911546911566233E-003
  -1.4748086492416966E-003
  -1.3669693879865641E-003
  -1.2670149945289175E-003
  -1.1743690127963796E-003
  -1.0884971223862833E-003
  -1.0089040598922077E-003
  -9.3513076500616828E-004
  -8.6675173500942368E-004
  -8.0337257245616971E-004
  -7.4462771195953276E-004
  -6.9017831301451270E-004
  -6.3971030674346910E-004
  -5.9293258533180539E-004
  -5.4957532373960355E-004
  -5.0938842403366652E-004
  -4.7214007338809255E-004
  -4.3761540745401695E-004
  -4.0561527140426924E-004
  -3.7595507151982611E-004
  -3.4846371070517893E-004
  -3.2298260180222668E-004
  -2.9936475301959377E-004
  -2.7747392020899920E-004
  -2.5718382110487807E-004
  -2.3837740699991740E-004
  -2.2094618765974156E-004
  -2.0478960558640094E-004
  -1.8981445602439759E-004
  -1.7593434936638306E-004
  -1.6306921285978813E-004
  -1.5114482874201937E-004
  -1.4009240614167674E-004
  -1.2984818427775398E-004
  -1.2035306466912255E-004
  -1.1155227023372943E-004
  -1.0339502931190789E-004
  -9.5834282791829888E-005
  -8.8826412648268901E-005
  -8.2330990329278022E-005
  -7.6310543539778703E-005
  -7.0730340077119265E-005
  -6.5558187471959057E-005
  -6.0764247278952370E-005
  -5.6320862946178974E-005
  -5.2202400270546715E-005
  -4.8385099518975131E-005
  -4.4846938362429497E-005
  -4.1567504832227227E-005
  -3.8527879565835393E-005
  -3.5710526662949534E-005
  -3.3099192522295187E-005
  -3.0678812075625786E-005
  -2.8435421878047278E-005
  -2.6356079553345983E-005
