  -2.3047146377798544     
  -3.0392659545488647     
  -3.6786611378202307     
  -4.2319255729994083     
  -4.7073100457955537     
  -5.1123544779581360     
  -5.4539465208686337     
  -5.7383754178830788     
  -5.9713815136449488     
  -6.1582017585035436     
  -6.3036115284758720     
  -6.4119630556904523     
  -6.4872207407755997     
  -6.5329935970421911     
  -6.5525650564137150     
  -6.5489203487390197     
  -6.5247716492601455     
  -6.4825811734835801     
  -6.4245823844123056     
  -6.3527994639402534     
  -6.2690651881000701     
  -6.1750373347068894     
  -6.0722137416784703     
  -5.9619461248655279     
  -5.8454527555305633     
  -5.7238300896094927     
  -5.5980634335228485     
  -5.4690367245221339     
  -5.3375414973150361     
  -5.2042851029683677     
  -5.0698982407999091     
  -4.9349418591038576     
  -4.7999134760755675     
  -4.6652529681792601     
  -4.5313478694087745     
  -4.3985382214002549     
  -4.2671210111429927     
  -4.1373542300780928     
  -4.0094605856541454     
  -3.8836308939056710     
  -3.7600271793166815     
  -3.6387855061121899     
  -3.5200185631704910     
  -3.4038180229548720     
  -3.2902566932127351     
  -3.1793904786716229     
  -3.0712601685646139     
  -2.9658930645325383     
  -2.8633044622683554     
  -2.7634989991817553     
  -2.6664718793620148     
  -2.5722099861973691     
  -2.4806928921632760     
  -2.3918937745140729     
  -2.3057802448972571     
  -2.2223151002517971     
  -2.1414570017472663     
  -2.0631610879644646     
  -1.9873795280071678     
  -1.9140620197647107     
  -1.8431562381132487     
  -1.7746082374466230     
  -1.7083628125628663     
  -1.6443638215972629     
  -1.5825544743847038     
  -1.5228775893512014     
  -1.4652758217743036     
  -1.4096918660133917     
  -1.3560686340914594     
  -1.3043494128084929     
  -1.2544780013816301     
  -1.2063988314373657     
  -1.1600570710251978     
  -1.1153987141789656     
  -1.0723706574207765     
  -1.0309207644818956     
 -0.99099792040439416     
 -0.95255207608590120     
 -0.91553428423678185     
 -0.87989672763375226     
 -0.84559274047572464     
 -0.81257682357599736     
 -0.78080465405920507     
 -0.75023309017124340     
 -0.72082017175527568     
 -0.69252511689641205     
 -0.66530831519145806     
 -0.63913131805780776     
 -0.61395682645686755     
 -0.58974867637197859     
 -0.56647182234845084     
 -0.54409231937372227     
 -0.52257730334862740     
 -0.50189497037606279     
 -0.48201455507080249     
 -0.46290630807363137     
 -0.44454147293421242     
 -0.42689226250998907     
 -0.40993183501283942     
 -0.39363426982100114     
 -0.37797454316086859     
 -0.36292850375150992     
 -0.34847284849407167     
 -0.33458509827853777     
 -0.32124357397150549     
 -0.30842737264065345     
 -0.29611634406435294     
 -0.28429106756831524     
 -0.27293282922525824     
 -0.26202359944822756     
 -0.25154601100338358     
 -0.24148333746372647     
 -0.23181947212132178     
 -0.22253890737208176     
 -0.21362671458401519     
 -0.20506852445703921     
 -0.19685050787993813     
 -0.18895935728781463     
 -0.18138226852139108     
 -0.17410692318775395     
 -0.16712147152058643     
 -0.16041451573655330     
 -0.15397509388331820     
 -0.14779266417362066     
 -0.14185708979893430     
 -0.13615862421545263     
 -0.13068789689448088     
 -0.12543589952875017     
 -0.12039397268570143     
 -0.11555379289839528     
 -0.11090736018439910     
 -0.10644698598275160     
 -0.10216528149892212     
  -9.8055146447554184E-002
  -9.4109758182692849E-002
  -9.0322561205164242E-002
  -8.6687257036760612E-002
  -8.3197794450928869E-002
  -7.9848360049708134E-002
  -7.6633369176754451E-002
  -7.3547457156398183E-002
  -7.0585470848804580E-002
  -6.7742460511456687E-002
  -6.5013671957334623E-002
  -6.2394539000340372E-002
  -5.9880676178696433E-002
  -5.7467871747236651E-002
  -5.5152080929707796E-002
  -5.2929419422396970E-002
  -5.0796157140614091E-002
  -4.8748712199761075E-002
  -4.6783645122936680E-002
  -4.4897653267235840E-002
  -4.3087565461115813E-002
  -4.1350336845415663E-002
  -3.9683043910824931E-002
  -3.8082879724809927E-002
  -3.6547149341211740E-002
  -3.5073265385937129E-002
  -3.3658743812365964E-002
  -3.2301199820296320E-002
  -3.0998343932447842E-002
  -2.9747978222732365E-002
  -2.8547992690692411E-002
  -2.7396361776690161E-002
  -2.6291141012611648E-002
  -2.5230463803025530E-002
  -2.4212538331908024E-002
  -2.3235644590213538E-002
  -2.2298131519732142E-002
  -2.1398414268835167E-002
  -2.0534971555863070E-002
  -1.9706343136060477E-002
  -1.8911127368108481E-002
  -1.8147978876444985E-002
  -1.7415606305701874E-002
  -1.6712770163719394E-002
  -1.6038280749727643E-002
  -1.5390996164408959E-002
  -1.4769820398675986E-002
  -1.4173701498116758E-002
  -1.3601629800170623E-002
  -1.3052636241208596E-002
  -1.2525790730796372E-002
  -1.2020200590520854E-002
  -1.1535009054858643E-002
  -1.1069393831660822E-002
  -1.0622565719919238E-002
  -1.0193767282568397E-002
  -9.7822715721626406E-003
  -9.3873809073500205E-003
  -9.0084256981444368E-003
  -8.6447633180734649E-003
  -8.2957770213536817E-003
  -7.9608749033160536E-003
  -7.6394889023725394E-003
  -7.3310738418813160E-003
  -7.0351065103311681E-003
  -6.7510847783274677E-003
  -6.4785267509202722E-003
  -6.2169699538728576E-003
  -5.9659705525226606E-003
  -5.7251026019399590E-003
  -5.4939573271398220E-003
  -5.2721424321516353E-003
  -5.0592814367975449E-003
  -4.8550130400759678E-003
  -4.6589905090899499E-003
  -4.4708810925016369E-003
  -4.2903654575343775E-003
  -4.1171371495825893E-003
  -3.9509020735263153E-003
  -3.7913779958835135E-003
  -3.6382940669670077E-003
  -3.4913903622462226E-003
  -3.3504174421453469E-003
  -3.2151359295401680E-003
  -3.0853161042450569E-003
  -2.9607375138095008E-003
  -2.8411885999709676E-003
  -2.7264663401365651E-003
  -2.6163759032910633E-003
  -2.5107303197527278E-003
  -2.4093501642215931E-003
  -2.3120632515867831E-003
  -2.2187043449808418E-003
  -2.1291148755894656E-003
  -2.0431426737445558E-003
  -1.9606417108475166E-003
  -1.8814718516876711E-003
  -1.8054986167381477E-003
  -1.7325929540282564E-003
  -1.6626310202074220E-003
  -1.5954939704311570E-003
  -1.5310677567142883E-003
  -1.4692429344109682E-003
  -1.4099144764945263E-003
  -1.3529815953233874E-003
  -1.2983475715918538E-003
  -1.2459195901765631E-003
  -1.1956085826011597E-003
  -1.1473290758526877E-003
  -1.1009990472940585E-003
  -1.0565397854270912E-003
  -1.0138757562705729E-003
  -9.7293447512716011E-004
  -9.3364638352209960E-004
  -8.9594473110543333E-004
  -8.5976546231770427E-004
  -8.2504710762728401E-004
  -7.9173067915506339E-004
  -7.5975957050975244E-004
  -7.2907946066406884E-004
  -6.9963822170896232E-004
  -6.7138583032955894E-004
  -6.4427428285280695E-004
  -6.1825751372282100E-004
  -5.9329131726575720E-004
  -5.6933327261156873E-004
  -5.4634267164536336E-004
  -5.2428044986619715E-004
  -5.0310912003604811E-004
  -4.8279270850646255E-004
  -4.6329669411486907E-004
  -4.4458794954692761E-004
  -4.2663468506543332E-004
  -4.0940639451033419E-004
  -3.9287380347823259E-004
  -3.7700881959346245E-004
  -3.6178448478635958E-004
  -3.4717492949773248E-004
  -3.3315532873185371E-004
  -3.1970185988335764E-004
  -3.0679166226648817E-004
  -2.9440279827800466E-004
  -2.8251421612782016E-004
  -2.7110571407412015E-004
  -2.6015790610224348E-004
  -2.4965218898906837E-004
  -2.3957071069698299E-004
  -2.2989634004379303E-004
  -2.2061263759706412E-004
  -2.1170382774348556E-004
  -2.0315477188583334E-004
  -1.9495094272201590E-004
  -1.8707839956253640E-004
  -1.7952376464445171E-004
  -1.7227420040160930E-004
  -1.6531738765256386E-004
  -1.5864150466912694E-004
  -1.5223520709000928E-004
  -1.4608760864543590E-004
  -1.4018826266000634E-004
  -1.3452714430237111E-004
  -1.2909463355158994E-004
  -1.2388149885123479E-004
  -1.1887888142347168E-004
  -1.1407828021648302E-004
  -1.0947153745965769E-004
  -1.0505082480201715E-004
