-3.62394170576572
-3.8333796491049963
-4.045518644392558
-4.258454363479078
-4.470031555505599
-4.6781068131307215
-4.880638763175442
-5.075201799367381
-5.260378867653012
-5.4346682560136745
-5.596636900583856
-5.74523866332307
-5.879236680034625
-5.997845194297623
-6.100290953889379
-6.1864762831806495
-6.256402453671523
-6.309706725051443
-6.3469185161287776
-6.367662929850426
-6.372521959176213
-6.362104778615643
-6.337415238978331
-6.299119670925814
-6.247687566675026
-6.183871037147982
-6.108102018462194
-6.0209118134204
-5.923829808793055
-5.817185011400891
-5.702361810786631
-5.579758333985864
-5.449186070380286
-5.312283880429858
-5.169574818746921
-5.021576958059392
-4.869965258162302
-4.714451533111069
-4.5562142883719945
-4.395653949773385
-4.232340628772162
-4.067738390573962
-3.9014571319363265
-3.734135042362002
-3.567930328287976
-3.402885063201037
-3.240237817034334
-3.0802989212542333
-2.923
-2.7696746576024944
-2.620192145020298
-2.4746051567922374
-2.3342461891496145
-2.1986256829718993
-2.0683771791109664
-1.9438988402106743
-1.8252040998487877
-1.7138622357795255
-1.609737345603083
-1.512609838265767
-1.423008321647858
-1.3403149581942777
-1.2636962932817655
-1.1928249829270796
-1.126574600440441
-1.0644544823272186
-1.0064886221156046
-0.9520429445757863
-0.9008003993759677
-0.8525600891416405
-0.8067317511028005
-0.763239038223144
-0.7216870107354929
-0.6818727253300182
-0.6440515226145721
-0.6080216986738192
-0.5738454840488851
-0.5415904216041487
-0.5110999373292758
-0.4825371276737179
-0.45582215562323003
-0.43077499253320956
-0.40745273642353985
-0.38562282819515625
-0.36519417402568766
-0.3461220080936077
-0.32819478705120764
-0.3114118950147773
-0.2956225133796301
-0.28072765756870727
-0.26677338784618804
-0.25365522903655746
-0.24125728383966694
-0.2296375269289438
-0.21865919608657108
-0.2083338429414648
-0.19858052848795477
-0.18935255579880528
-0.180692602276264
-0.17254908201882757
-0.16488162847131924
-0.1577224599473537
-0.1510229697143109
-0.14473810772398785
-0.13889608090880923
-0.13343619897339998
-0.12833619222991366
-0.12357138600522193
-0.11910903835770467
-0.11492323232191462
-0.110989156260015
-0.10725999999999983
-0.103734905995498
-0.10039250495861518
-0.09721580672247924
-0.09420039836101567
-0.09132130900712664
-0.08857251822031632
-0.08594312898954028
-0.08340602281601207
-0.08096636866848854
-0.07859890232274847
-0.07628863991897208
-0.0740338959990058
-0.07180865960353147
-0.06960667702454876
-0.06741445707346815
-0.06521208903857753
-0.06301400674616277
-0.06082637175104143
-0.058650247596545795
-0.056514911353333114
-0.054423585806624916
-0.05237838891125004
-0.05040684091350764
-0.04851104482959727
-0.0466861586960189
-0.04494046595470451
-0.04325829898525588
-0.0416487225361266
-0.04010095606322875
-0.038605513770831795
-0.03717123518225846
-0.03578871674444943
-0.034451916570956295
-0.03316865029416628
-0.03193151971186699
-0.03074237433841233
-0.029601561415759953
-0.028503743217908287
-0.027452761145645717
-0.026446861532020215
-0.02547930100395051
-0.024557409580376402
-0.023672146470013915
-0.022824634682047193
-0.02201393834480187
-0.021236669720147195
-0.02049330937014414
-0.019781306675619094
-0.019097183578303634
-0.018443352658384326
-0.017815806040238736
-0.017213122954679864
-0.01663643251245117
-0.016080576536999347
-0.015547241637413282
-0.015034239963605825
-0.01453690331215195
-0.014059338820767995
-0.013596991535526919
-0.0131469202689246
-0.012711113719821306
-0.01228632707473834
-0.01186899999999999
-0.011462266624592796
-0.011064373324988637
-0.010673441759569472
-0.010292061112638941
-0.009917900107626245
-0.009552361366487476
-0.009195308300785182
-0.008845124939740809
-0.008503914183794004
-0.00817026303508076
-0.007843870724845887
-0.007525869320407743
-0.007214590752451606
-0.006911330256257448
-0.006615793821261257
-0.006326491189049639
-0.006045407384033064
-0.00577125767223632
-0.005503588025178416
-0.0052437020398703165
-0.004990117735260235
-0.004743614703509571
-0.0045040560379980485
-0.004270417799093641
-0.004044059266434115
-0.003824236752396355
-0.003609900969274509
-0.003402737727672674
-0.003201199206378756
-0.003006105123080513
-0.0028172641760276667
-0.0026337790385771616
-0.002456778337934041
-0.0022855464733510977
-0.002119343905267735
-0.001959438406074967
-0.0018051301111127165
-0.001655623755035791
-0.0015120647139947308
-0.001373785045224345
-0.0012402860766669794
-0.0011122935343844092
-0.000989134123600281
-0.0008709140388414574
-0.0007577839881905377
-0.000649070415165765
-0.0005453501935218636
-0.000446248684093162
-0.00035139817105626166
-0.0002613111287246149
-0.00017543359288533182
-9.382713063316098e-05
-1.6550628433460936e-05
5.686723658675817e-05
0.00012605447355619844
0.00019131099601909894
0.00025288986567815276
0.00031049817146374813
0.0003645118927107317
0.0004149322104868791
0.00046174974772159825
0.0005052639552129967
0.00054532
0.0005821016258580148
0.0006158219168940039
0.0006463275500106285
0.0006738315352690335
0.0006984955890099835
0.0007202360765027329
0.0007392200665416854
0.0007555807145592417
0.000769301367429062
0.000780564914231023
0.000789360259701315
0.000795815882166963
0.0008000497786389538
0.0008020942290884182
0.0008020583834277439
0.0008000118977071584
0.000796066000256336
0.0007902805368342903
0.0007827410385312104
0.0007735494527542709
0.0007627601934499222
0.0007504829291420167
0.0007368138218901857
0.0007217761423385877
0.000705531314985964
0.000688132520551615
0.0006696186667151751
0.0006501656231998463
0.0006297679657078641
0.0006085687134135476
0.0005866529268985736
0.000564010445894537
0.0005408853322810573
0.0005172459240059613
0.0004931730304602143
0.00046884706081835593
0.00044423121006375557
0.00041950100753609764
0.0003947267864946013
0.00036989928381162365
0.00034526506481710403
0.0003208169408254765
0.0002965570630119991
0.00027274623173283933
0.00024937496972928983
0.0002264448117666138
0.00020420846804323386
0.00018266188776175227
0.00016183761675125593
0.0001419489141676674
0.00012296577085705202
0.00010501849754663896
8.821715601843953e-05
7.256000978461887e-05
5.824584739721547e-05
4.529339074793956e-05
3.37672216760589e-05
2.3811789452791594e-05
1.5460128243217662e-05
8.821203547964476e-06
3.981986511694809e-06
1.0065258651487908e-06
