24.515763952399453
24.064922915201876
23.328055886584174
22.31125356792662
21.03999020269422
19.547033720177268
17.873017275940658
16.062931801745197
14.167315444560643
12.234184189782322
10.310926423390933
8.438524476015058
6.648125384926503
4.966453254125027
3.4109123796717156
1.9945414842289848
0.7189685803837129
-0.4162360818705091
-1.4150770680869051
-2.2828322401960346
-3.027026544682087
-3.655453215868336
-4.17498261996443
-4.592585354334304
-4.915996719872867
-5.153131032407641
-5.3109938697861985
-5.396579912609346
-5.419029640495181
-5.387043683860437
-5.307022091559523
-5.184789866585268
-5.02802099833982
-4.843835599570969
-4.637038317083251
-4.411489833166009
-4.172039027538452
-3.922881639442894
-3.666035152205832
-3.4034953095346134
-3.1420376197961266
-2.888152727046195
-2.6446438422365226
-2.413325101338514
-2.196018212231618
-1.9944925110389093
-1.8101287949634766
-1.6422398685886366
-1.4900309389856456
-1.3524383909455735
-1.2283880804742286
-1.1169967848787727
-1.0169630536230971
-0.9270517643881887
-0.8460391520748223
-0.7726583781167249
-0.7058133329441032
-0.6449289410529218
-0.589577355629342
-0.5393252549247431
-0.49374781566484277
-0.45241494672220695
-0.4149129605038441
-0.380816721848665
-0.3497123395070094
-0.32119894134547566
-0.2949009533073321
-0.27068564529864086
-0.24844089092937438
-0.22809422897936316
-0.20955350341219514
-0.19272009703130097
-0.17758582776387555
-0.16410942531627784
-0.15225772722706532
-0.14203424492496503
-0.1333485291182986
-0.1259689912380247
-0.11961664051402923
-0.11402264401203568
-0.10888919408961577
-0.10399729807114824
-0.09927761025249392
-0.09473223293025808
-0.09034217849476761
-0.08609983495040087
-0.08199338274944651
-0.07801355648851102
-0.07414799596306874
-0.07038713450787823
-0.06672
-0.06314066219705486
-0.05966113768863777
-0.05629994386300374
-0.05307386811132514
-0.05000050101186382
-0.047093009931209615
-0.04434799701677484
-0.041759540030723755
-0.039319950969676415
-0.03702301873275133
-0.03486113378530812
-0.03282776761104764
-0.030919108105852758
-0.029129926444855344
-0.027452740941621846
-0.025884086576253944
-0.024416997496614825
-0.023046495105246576
-0.02176597852410967
-0.020570185738913442
-0.019453203737548375
-0.018408453440301665
-0.017431989392517448
-0.016516845111938353
-0.015657815134766908
-0.01484943365922772
-0.014084707651664861
-0.013358168273851015
-0.012665609165556823
-0.01199986110208867
-0.01135675590639096
-0.010734003532518027
-0.010132888485908844
-0.009551971851751818
-0.008991047078116004
-0.008450037501099886
-0.00792842314277087
-0.007425923125314961
-0.006942243481035868
-0.006477010339475176
-0.006029876869481891
-0.005600616499556531
-0.005188746117741047
-0.004794089454173222
-0.004416189080691306
-0.00405474213105966
-0.0037095317263194727
-0.0033800061465802285
-0.0030660246031936535
