122.44293207170176
121.52550482915912
119.13903323399575
115.36736750464027
110.3568869523419
104.2955378176882
97.37541215727101
89.80022228931436
81.76117576049276
73.44778631049358
65.04726123361957
56.74229276210131
48.70748225371553
41.103655556596166
34.05056488618891
27.647395095757844
21.936485889839048
16.944312472137483
12.650528313194954
9.02143028582892
5.992950116010991
3.4946201109664123
1.4530047057385413
-0.203145443549134
-1.5350036590310467
-2.597390715924292
-3.4310243255181305
-4.070831704722208
-4.544972725880066
-4.878408743625462
-5.090020412698889
-5.1971195135940516
-5.2169595662744594
-5.165779436409098
-5.055986159212733
-4.898724735506811
-4.704015425775566
-4.480932365520506
-4.236008248988156
-3.975204515345621
-3.704002055622026
-3.4277032227173576
-3.1517283359546058
-2.8817975478634157
-2.623340318690675
-2.3820348259699955
-2.1620880792760757
-1.962949282423426
-1.7828814417032515
-1.6199905406009405
-1.472608621779968
-1.3389046014296697
-1.2176709970244346
-1.1076209093407752
-1.0075053765732238
-0.9162496279645806
-0.8326989946790943
-0.7564007981698273
-0.6870453986487681
-0.6243046615635148
-0.5678578103350596
-0.5173345033256811
-0.47217109246194233
-0.43172127944608363
-0.3953649283160844
-0.3624681838800554
-0.33247445923881935
-0.30503951431579646
-0.2798967746784997
-0.25677665471226613
-0.23542008872653258
-0.21559938222778233
-0.19733300598673958
-0.1807006259321062
-0.1657813619787657
-0.15264215490755056
-0.14130178229605092
-0.13155583521094813
-0.12316904188034503
-0.11586865439115594
-0.10940192903101813
-0.10354743961745227
-0.09821257347397569
-0.09333484712843013
-0.08884976086885236
-0.08469726269137896
-0.08081276633386915
-0.07713552460818841
-0.07360277031054578
-0.07015131773381852
-0.06672
-0.06326490837083479
-0.059815008513941156
-0.056421992820066026
-0.0531338230569904
-0.04999976104300442
-0.04705911269550912
-0.04430669258778927
-0.04172722211056093
-0.03930423940335248
-0.03702272050829177
-0.03487005223483567
-0.03283887189476975
-0.03092811591505846
-0.029134417982019992
-0.027452686624950096
-0.025881514913561346
-0.024414002842459863
-0.023043726495387797
-0.021765059041456702
-0.0205702448594992
-0.019453147059757647
-0.018409456921784927
-0.01743268148579762
-0.016517812486959483
-0.015657816089807576
-0.014848471375987342
-0.014083733183704934
-0.013358169565236435
-0.012665630514810969
-0.011999861086264935
-0.011356758737306303
-0.010734904332575871
-0.010133204779355146
-0.009552454396837027
-0.008991663250732708
-0.00845065308193045
-0.007929113243090546
-0.007426708364716547
-0.006943147085299077
-0.006477904417819899
-0.006030876891910563
-0.005601726390002892
-0.005189949714214084
-0.00479528944263188
-0.0044173995812299945
-0.004056041926392634
-0.0037108532260393245
-0.003381420201661587
-0.0030674220915170992
-0.0027685594780433812
-0.002484622858612083
-0.0022151051461575515
-0.0019597076313554616
-0.001718081389329877
-0.001490018604764304
-0.001275128383150188
-0.0010729877788059764
-0.0008833573848599549
-0.0007058800006894614
-0.0005402291228336682
-0.0003860687540154406
-0.00024306351566525498
-0.00011088244115023635
1.079248603707596e-05
0.00012230462515873478
0.00022398055729994036
0.0003161644038949508
0.0003991725110495943
0.0004733399034694489
0.0005390060580949483
0.000596505733671778
0.0006461586623396777
0.0006882955953068149
0.0007232590261073167
0.0007513695937745161
0.0007729768249802757
0.0007883938734137921
0.0007979603642280348
0.0008020039959479138
0.0008008629227133087
0.0007948666712016867
0.0007843507304277433
0.0007696359267838988
0.0007510652276938104
0.0007289655505045676
0.0007036595602323246
0.0006754933384998874
0.0006447991184485224
0.0006118989159200757
0.0005771308618455321
0.0005408146238430329
0.000503305552919474
0.00046491753676364603
0.00042598608795751665
0.00038684171724441
0.0003478251228461707
0.0003092502023051243
0.00027147139287535325
0.00023479719985090419
0.0001995807521995168
0.000166135134634815
0.0001348082549554675
0.00010592632413307746
7.98102423503573e-05
5.680603182012827e-05
3.724034092268325e-05
2.1445268863283483e-05
9.752507058686315e-06
2.493189790845376e-06
