   386.63307308164161     
   321.05116301254264     
   265.94420518153612     
   219.68462651522401     
   180.89435312923484     
   148.40682269949914     
   121.23476053533720     
   98.542846424194622     
   79.624531402592282     
   63.882375716255993     
   50.811374384915020     
   39.984817547692174     
   31.042301309555057     
   23.679562985149044     
   17.639864011402793     
   12.706685705457888     
   8.6975386093734297     
   5.4587163465506245     
   2.8608505307868159     
  0.79514500812366706     
 -0.82981383943551790     
  -2.0907583429999854     
  -3.0520266772536724     
  -3.7674989264783409     
  -4.2822355731864770     
  -4.6338637782728558     
  -4.8537499331885448     
  -4.9679911198797795     
  -4.9982531551719509     
  -4.9624786888600143     
  -4.8754852552132766     
  -4.7494701493477649     
  -4.5944364310050210     
  -4.4185521791434290     
  -4.2284532723625654     
  -4.0294984024407805     
  -3.8259836986511795     
  -3.6213232129463684     
  -3.4182005599442484     
  -3.2186961949181319     
  -3.0243941256408666     
  -2.8364712712402214     
  -2.6557721873110753     
  -2.4828714579237432     
  -2.3181257004331397     
  -2.1617168284287742     
  -2.0136879635393292     
  -1.8739731711340903     
  -1.7424220123216492     
  -1.6188197500077339     
  -1.5029039158745821     
  -1.3943778343669646     
  -1.2929216060468083     
  -1.1982009734069838     
  -1.1098744252085195     
  -1.0275988387524684     
 -0.95103391163099804     
 -0.87984559407625806     
 -0.81370869889937636     
 -0.75230883721838149     
 -0.69534380389316441     
 -0.64252451612299677     
 -0.59357559142883831     
 -0.54823563673985309     
 -0.50625730810856140     
 -0.46740719033400752     
 -0.43146553717401259     
 -0.39822590561942811     
 -0.36749471166801906     
 -0.33909072998937134     
 -0.31284455565946978     
 -0.28859804263279909     
 -0.26620373069973041     
 -0.24552427025356913     
 -0.22643185218552503     
 -0.20880764856992029     
 -0.19254126843959049     
 -0.17753023183481612     
 -0.16367946439805411     
 -0.15090081404714337     
 -0.13911259066309631     
 -0.12823912925083689     
 -0.11821037665223427     
 -0.10896150159336326     
 -0.10043252761797737     
  -9.2567988284627464E-002
  -8.5316603875788419E-002
  -7.8630978775333246E-002
  -7.2467318608769329E-002
  -6.6785166202988730E-002
  -6.1547155404048995E-002
  -5.6718781788672852E-002
  -5.2268189314412732E-002
  -4.8165971972022562E-002
  -4.4384989529260545E-002
  -4.0900196486261739E-002
  -3.7688483397260178E-002
  -3.4728529750583860E-002
  -3.2000667637503401E-002
  -2.9486755479898621E-002
  -2.7170061126188985E-002
  -2.5035153664062813E-002
  -2.3067803336858886E-002
  -2.1254888987710760E-002
  -1.9584312491552847E-002
  -1.8044919669650744E-002
  -1.6626427214360081E-002
  -1.5319355183274874E-002
  -1.4114964651770095E-002
  -1.3005200141170589E-002
  -1.1982636466405797E-002
  -1.1040429672069285E-002
  -1.0172271749337485E-002
  -9.3723488482656114E-003
  -8.6353027206285821E-003
  -7.9561951477739382E-003
  -7.3304751259665648E-003
  -6.7539485984979769E-003
  -6.2227505394720373E-003
  -5.7333192087296999E-003
  -5.2823724109019475E-003
  -4.8668856041448171E-003
  -4.4840717157734701E-003
  -4.1313625328314677E-003
  -3.8063915456622317E-003
  -3.5069781318439789E-003
  -3.2311129764582432E-003
  -2.9769446326313662E-003
  -2.7427671336634598E-003
  -2.5270085748816591E-003
  -2.3282205896635651E-003
  -2.1450686499092969E-003
  -1.9763231266311638E-003
  -1.8208510513107305E-003
  -1.6776085232741217E-003
  -1.5456337125858415E-003
  -1.4240404118852205E-003
  -1.3120120942121769E-003
  -1.2087964372128812E-003
  -1.1137002772020597E-003
  -1.0260849594066013E-003
  -9.4536205334282554E-004
  -8.7098940470404563E-004
  -8.0246749737134969E-004
  -7.3933610122327580E-004
  -6.8117118332248171E-004
  -6.2758206181202155E-004
  -5.7820878347168757E-004
  -5.3271970737674265E-004
  -4.9080927847684481E-004
  -4.5219597618114169E-004
  -4.1662042420465023E-004
  -3.8384364900884133E-004
  -3.5364547516288639E-004
  -3.2582304686786055E-004
  -3.0018946573037069E-004
  -2.7657253565015817E-004
  -2.5481360640338378E-004
  -2.3476650816426557E-004
  -2.1629656981691736E-004
  -1.9927971447063363E-004
  -1.8360162610928338E-004
  -1.6915698178226083E-004
  -1.5584874418385168E-004
  -1.4358750987279658E-004
  -1.3229090875697291E-004
  -1.2188305081195829E-004
  -1.1229401631908693E-004
  -1.0345938620059055E-004
  -9.5319809298438391E-005
  -8.7820603691398855E-005
  -8.0911389373275401E-005
  -7.4545749825752377E-005
  -6.8680920213216417E-005
  -6.3277500105636967E-005
  -5.8299188800227709E-005
  -5.3712541464341541E-005
  -4.9486744461825675E-005
  -4.5593408353876140E-005
  -4.2006377184097145E-005
  -3.8701552766816390E-005
  -3.5656732798459587E-005
  -3.2851461704604244E-005
  -3.0266893220868717E-005
  -2.7885663784584750E-005
  -2.5691775886814095E-005
  -2.3670490601156903E-005
  -2.1808228567440499E-005
  -2.0092478765156890E-005
  -1.8511714463843901E-005
  -1.7055315785804554E-005
  -1.5713498360978218E-005
  -1.4477247594692909E-005
  -1.3338258106734365E-005
  -1.2288877934899794E-005
  -1.1322057128212062E-005
  -1.0431300384453175E-005
  -9.6106234138462800E-006
  -8.8545127357426715E-006
  -8.1578886382341190E-006
