  -2.3047146377798544     
  -3.0415577341864806     
  -3.6826384258463283     
  -4.2370689207358119     
  -4.7131768565266512     
  -5.1185700643756631     
  -5.4601960908364511     
  -5.7443968981035036     
  -5.9769591292746389     
  -6.1631602944612975     
  -6.3078112051760451     
  -6.4152949582868244     
  -6.4896027467692257     
  -6.5343667523450675     
  -6.5528903547160855     
  -6.5481758733449995     
  -6.5229500404738872     
  -6.4796873881825183     
  -6.4206317176680807     
  -6.3478158054714209     
  -6.2630794889914059     
  -6.1680862622323884     
  -6.0643385022420366     
  -5.9531914370452146     
  -5.8358659569979574     
  -5.7134603633124090     
  -5.5869611399826713     
  -5.4572528284206774     
  -5.3251270777430229     
  -5.1912909377898577     
  -5.0563744565651465     
  -4.9209376388265769     
  -4.7854768179887621     
  -4.6504304893035773     
  -4.5161846484175214     
  -4.3830776758510108     
  -4.2514048046739781     
  -4.1214222056433174     
  -3.9933507212998176     
  -3.8673792779759246     
  -3.7436680023234232     
  -3.6223510668156167     
  -3.5035392866967277     
  -3.3873224890284859     
  -3.2737716728072730     
  -3.1629409775832946     
  -3.0548694765951470     
  -2.9495828091290188     
  -2.8470946656125622     
  -2.7474081378506123     
  -2.6505169457960429     
  -2.5564065513166092     
  -2.4650551685615469     
  -2.3764346797435780     
  -2.2905114644275519     
  -2.2072471497510207     
  -2.1265992883899147     
  -2.0485219705198618     
  -1.9729663755067037     
  -1.8998812685844928     
  -1.8292134473427011     
  -1.7609081424431587     
  -1.6949093766185943     
  -1.6311602856661078     
  -1.5696034048377867     
  -1.5101809237450139     
  -1.4528349126306195     
  -1.3975075226220899     
  -1.3441411623577808     
  -1.2926786531750010     
  -1.2430633648623621     
  -1.1952393338076281     
  -1.1491513652152905     
  -1.1047451209239152     
  -1.0619671942211439     
  -1.0207651729328915     
 -0.98108769195207413     
 -0.94288447627017991     
 -0.90610637548145301     
 -0.87070539064375874     
 -0.83663469430159410     
 -0.80384864440472870     
 -0.77230279279001257     
 -0.74195388883346458     
 -0.71275987882446734     
 -0.68467990156324166     
 -0.65767428063646682     
 -0.63170451378349557     
 -0.60673325972685688     
 -0.58272432280529274     
 -0.55964263571516182     
 -0.53745424063645619     
 -0.51612626899262226     
 -0.49562692006871018     
 -0.47592543868983955     
 -0.45699209214141884     
 -0.43879814649383886     
 -0.42131584247727083     
 -0.40451837103666594     
 -0.38837984868289449     
 -0.37287529274309639     
 -0.35798059660160425     
 -0.34367250501217445     
 -0.32992858955261473     
 -0.31672722428413469     
 -0.30404756166982344     
 -0.29186950879947132     
 -0.28017370396146163     
 -0.26894149359658542     
 -0.25815490966334109     
 -0.24779664743950641     
 -0.23785004378047356     
 -0.22829905585097937     
 -0.21912824034339748     
 -0.21032273319266459     
 -0.20186822979512486     
 -0.19375096573612685     
 -0.18595769802899123     
 -0.17847568686601742     
 -0.17129267788048641     
 -0.16439688491707855     
 -0.15777697330680124     
 -0.15142204364134873     
 -0.14532161604080990     
 -0.13946561490775272     
 -0.13384435415997206     
 -0.12844852293354331     
 -0.12326917174728824     
 -0.11829769911931257     
 -0.11352583862591259     
 -0.10894564639285322     
 -0.10454948900880075     
 -0.10033003185052575     
  -9.6280227809376562E-002
  -9.2393306408462661E-002
  -8.8662763299960867E-002
  -8.5082350131967729E-002
  -8.1646064774371460E-002
  -7.8348141893287371E-002
  -7.5183043863700130E-002
  -7.2145452010076827E-002
  -6.9230258164856381E-002
  -6.6432556534872150E-002
  -6.3747635865939484E-002
  -6.1170971896015711E-002
  -5.8698220087534947E-002
  -5.6325208629718092E-002
  -5.4047931701860792E-002
  -5.1862542988816367E-002
  -4.9765349440102705E-002
  -4.7752805264277200E-002
  -4.5821506150444939E-002
  -4.3968183708982339E-002
  -4.2189700123777277E-002
  -4.0483043008504790E-002
  -3.8845320459675481E-002
  -3.7273756299406206E-002
  -3.5765685501076130E-002
  -3.4318549791241770E-002
  -3.2929893421388863E-002
  -3.1597359103303364E-002
  -3.0318684102043473E-002
  -2.9091696480688288E-002
  -2.7914311491232302E-002
  -2.6784528106179564E-002
  -2.5700425685576494E-002
  -2.4660160774399236E-002
  -2.3661964025385750E-002
  -2.2704137242572125E-002
  -2.1785050540958324E-002
  -2.0903139617887641E-002
  -2.0056903131880782E-002
  -1.9244900184817174E-002
  -1.8465747903502142E-002
  -1.7718119116801566E-002
  -1.7000740124664283E-002
  -1.6312388555485360E-002
  -1.5651891308393871E-002
  -1.5018122577174024E-002
  -1.4410001952649838E-002
  -1.3826492600481433E-002
  -1.3266599511434137E-002
  -1.2729367821291589E-002
  -1.2213881197690433E-002
  -1.1719260291256053E-002
  -1.1244661248518018E-002
  -1.0789274284179712E-002
  -1.0352322310408179E-002
  -9.9330596208994440E-003
  -9.5307706275605687E-003
  -9.1447686477317824E-003
  -8.7743947399523056E-003
  -8.4190165863500723E-003
  -8.0780274198095879E-003
  -7.7508449941436014E-003
  -7.4369105955630222E-003
  -7.1356880938054828E-003
  -6.8466630313469634E-003
  -6.5693417491822295E-003
  -6.3032505477185552E-003
  -6.0479348813847270E-003
  -5.8029585856113983E-003
  -5.5679031348918962E-003
  -5.3423669306832929E-003
  -5.1259646179560026E-003
  -4.9183264292473571E-003
  -4.7190975551195781E-003
  -4.5279375399659479E-003
  -4.3445197021506950E-003
  -4.1685305775083026E-003
  -3.9996693852663604E-003
  -3.8376475154932271E-003
  -3.6821880372075446E-003
  -3.5330252263205816E-003
  -3.3899041126156126E-003
  -3.2525800450000546E-003
  -3.1208182742964601E-003
  -2.9943935528677509E-003
  -2.8730897504001080E-003
  -2.7566994851939267E-003
  -2.6450237703392093E-003
  -2.5378716741765836E-003
  -2.4350599944690686E-003
  -2.3364129457328097E-003
  -2.2417618591968834E-003
  -2.1509448948836139E-003
  -2.0638067653211832E-003
  -1.9801984704198305E-003
  -1.8999770430617117E-003
  -1.8230053049726432E-003
  -1.7491516324610813E-003
  -1.6782897316265455E-003
  -1.6102984226554452E-003
  -1.5450614328378156E-003
  -1.4824671979530011E-003
  -1.4224086716866503E-003
  -1.3647831427547824E-003
  -1.3094920594238844E-003
  -1.2564408611284001E-003
  -1.2055388168990130E-003
  -1.1566988703267053E-003
  -1.1098374907986097E-003
  -1.0648745307522494E-003
  -1.0217330887051109E-003
  -9.8033937782614298E-004
  -9.4062259982523897E-004
  -9.0251482394581412E-004
  -8.6595087085420720E-004
  -8.3086820122795554E-004
  -7.9720680885302748E-004
  -7.6490911804768429E-004
  -7.3391988523805374E-004
  -7.0418610451753957E-004
  -6.7565691702896227E-004
  -6.4828352401482159E-004
  -6.2201910338734222E-004
  -5.9681872967593322E-004
  -5.7263929721541515E-004
  -5.4943944644396067E-004
  -5.2717949318491306E-004
  -5.0582136079176197E-004
  -4.8532851504044745E-004
  -4.6566590165782320E-004
  -4.4679988637958957E-004
  -4.2869819743536860E-004
  -4.1132987036267743E-004
  -3.9466519505554777E-004
  -3.7867566495736123E-004
  -3.6333392831111420E-004
  -3.4861374138381876E-004
  -3.3448992358515908E-004
  -3.2093831440370971E-004
  -3.0793573208713821E-004
  -2.9545993399580456E-004
  -2.8348957856200678E-004
  -2.7200418878986510E-004
  -2.6098411723348021E-004
  -2.5041051239351288E-004
  -2.4026528647474625E-004
  -2.3053108444954183E-004
  -2.2119125437430461E-004
  -2.1222981890821907E-004
  -2.0363144798558262E-004
  -1.9538143259501629E-004
  -1.8746565962073821E-004
  -1.7987058770288110E-004
  -1.7258322407560055E-004
  -1.6559110234336930E-004
  -1.5888226115746287E-004
  -1.5244522375618626E-004
  -1.4626897833385958E-004
  -1.4034295920499354E-004
  -1.3465702873145899E-004
  -1.2920145998174316E-004
  -1.2396692009264195E-004
  -1.1894445430494210E-004
  -1.1412547064579489E-004
  -1.0950172523158313E-004
  -1.0506530816615847E-004
  -1.0080863001032855E-004
