  0.39836304970294628     
 -0.72747253783920185     
  -1.7310391618807430     
  -2.6227105184834651     
  -3.4120519472057094     
  -4.1078811508525899     
  -4.7183244324433042     
  -5.2508687775547473     
  -5.7124100862794531     
  -6.1092978368546804     
  -6.4473764424520219     
  -6.7320235435455960     
  -6.9681854605932374     
  -7.1604100153683650     
  -7.3128769140763517     
  -7.4294258712923247     
  -7.5135826406862307     
  -7.5685831063814657     
  -7.5973955775563562     
  -7.6027414184787281     
  -7.5871141365037138     
  -7.5527970416082137     
  -7.5018795827313101     
  -7.4362724584906221     
  -7.3577215927063699     
  -7.2678210585468124     
  -7.1680250289730303     
  -7.0596588254725656     
  -6.9439291317977059     
  -6.8219334345350733     
  -6.6946687478005753     
  -6.5630396751519458     
  -6.4278658579156254     
  -6.2898888555138326     
  -6.1497785000300302     
  -6.0081387641480468     
  -5.8655131787235266     
  -5.7223898335800589     
  -5.5792059926507758     
  -5.4363523522952040     
  -5.2941769694977605     
  -5.1529888846860050     
  -5.0130614620825424     
  -4.8746354688136391     
  -4.7379219124306511     
  -4.6031046550479395     
  -4.4703428209550493     
  -4.3397730133135424     
  -4.2115113543929263     
  -4.0856553627289438     
  -3.9622856795947832     
  -3.8414676562560879     
  -3.7232528126282016     
  -3.6076801771645255     
  -3.4947775170730946     
  -3.3845624672806105     
  -3.2770435659351431     
  -3.1722212036568305     
  -3.0700884932069608     
  -2.9706320657464760     
  -2.8738327993924710     
  -2.7796664853528554     
  -2.6881044365225608     
  -2.5991140430572304     
  -2.5126592790999487     
  -2.4287011645214616     
  -2.3471981852424659     
  -2.2681066754363259     
  -2.1913811646603869     
  -2.1169746927323998     
  -2.0448390949541446     
  -1.9749252600858114     
  -1.9071833632909816     
  -1.8415630761019448     
  -1.7780137552977551     
  -1.7164846124417248     
  -1.6569248656903184     
  -1.5992838753607108     
  -1.5435112646288935     
  -1.4895570266235432     
  -1.4373716190821175     
  -1.3869060476443922     
  -1.3381119387742260     
  -1.2909416032222831     
  -1.2453480908702945     
  -1.2012852377307306     
  -1.1587077058141044     
  -1.1175710165191426     
  -1.0778315781484422     
  -1.0394467081035621     
  -1.0023746502686017     
 -0.96657458804982077     
 -0.93200665350052703     
 -0.89863193292513444     
 -0.86641246932359639     
 -0.83531126200733308     
 -0.80529226368996132     
 -0.77632037533049514     
 -0.74836143898304786     
 -0.72138222888527004     
 -0.69535044099765597     
 -0.67023468118734764     
 -0.64600445223300362     
 -0.62263013981159809     
 -0.60008299761355310     
 -0.57833513171930284     
 -0.55735948435814286     
 -0.53712981715896291     
 -0.51762069399211130     
 -0.49880746349213217     
 -0.48066624134237418     
 -0.46317389239446582     
 -0.44630801268827913     
 -0.43004691143127305     
 -0.41436959298991044     
 -0.39925573894018568     
 -0.38468569021911470     
 -0.37064042941428960     
 -0.35710156322427350     
 -0.34405130511864240     
 -0.33147245822286969     
 -0.31934839844995361     
 -0.30766305789768439     
 -0.29640090852771467     
 -0.28554694614011505     
 -0.27508667465484099     
 -0.26500609070948927     
 -0.25529166858087921     
 -0.24593034543630898     
 -0.23690950691883789     
 -0.22821697306957522     
 -0.21984098458874068     
 -0.21177018943615711     
 -0.20399362977086272     
 -0.19650072922864295     
 -0.18928128053551554     
 -0.18232543345449873     
 -0.17562368306239604     
 -0.16916685835278161     
 -0.16294611116091412     
 -0.15695290540589327     
 -0.15117900664502218     
 -0.14561647193504501     
 -0.14025763999466778     
 -0.13509512166256510     
 -0.13012179064490151     
 -0.12533077454625294     
 -0.12071544617771350     
 -0.11626941513588721     
 -0.11198651964641360     
 -0.10786081866564654     
 -0.10388658423408799     
 -0.10005829407519837     
  -9.6370624433213772E-002
  -9.2818443143652646E-002
  -8.9396802930238106E-002
  -8.6100934922025626E-002
  -8.2926242384601709E-002
  -7.9868294659296485E-002
  -7.6922821304444597E-002
  -7.4085706432824500E-002
  -7.1352983239504134E-002
  -6.8720828714431137E-002
  -6.6185558534211070E-002
  -6.3743622127632474E-002
  -6.1391597909613183E-002
  -5.9126188678355826E-002
  -5.6944217170626088E-002
  -5.4842621770178762E-002
  -5.2818452364483681E-002
  -5.0868866345020761E-002
  -4.8991124746533624E-002
  -4.7182588520752154E-002
  -4.5440714940213109E-002
  -4.3763054127924798E-002
  -4.2147245708740656E-002
  -4.0591015578419792E-002
  -3.9092172786468156E-002
  -3.7648606528965824E-002
  -3.6258283247694804E-002
  -3.4919243831993518E-002
  -3.3629600919866311E-002
  -3.2387536294984628E-002
  -3.1191298376316824E-002
  -3.0039199797223352E-002
  -2.8929615070953714E-002
  -2.7860978339575269E-002
  -2.6831781203458759E-002
  -2.5840570628536182E-002
  -2.4885946928634904E-002
  -2.3966561820279685E-002
  -2.3081116547437497E-002
  -2.2228360073762707E-002
  -2.1407087339980480E-002
  -2.0616137584122403E-002
  -1.9854392722406460E-002
  -1.9120775788623735E-002
  -1.8414249429968204E-002
  -1.7733814457313715E-002
  -1.7078508448009521E-002
