   765.25419361589002     
   641.28734768314780     
   536.55620315027295     
   448.13624564601042     
   373.54311266294900     
   310.66668862319267     
   257.71504199772829     
   213.16673670147750     
   175.73026872567490     
   144.30956512256626     
   117.97464087802896     
   95.936644026296790     
   77.526634093036293     
   62.177536590519466     
   49.408799377911926     
   38.813347407845285     
   30.046492551806228     
   22.816506401094838     
   16.876607513040092     
   12.018151650696947     
   8.0648451159443262     
   4.8678281241888035     
   2.3014980145418913     
  0.25996152877420653     
  -1.3459780668812924     
  -2.5913791689536976     
  -3.5393335099232903     
  -4.2428093056443776     
  -4.7462151966372392     
  -5.0867269277155067     
  -5.2954124358954191     
  -5.3981856785761231     
  -5.4166149929484035     
  -5.3686079146522587     
  -5.2689910977390539     
  -5.1300011829485914     
  -4.9617000839573624     
  -4.7723261392774798     
  -4.5685908578608014     
  -4.3559295240682303     
  -4.1387126841055597     
  -3.9204244786343039     
  -3.7038128872400158     
  -3.4910161861283791     
  -3.2836692706953805     
  -3.0829929423585734     
  -2.8898687896728927     
  -2.7049018948914729     
  -2.5284732582240323     
  -2.3607835441212166     
  -2.2018895093406599     
  -2.0517342648370192     
  -1.9101723471409728     
  -1.7769904251534558     
  -1.6519243411853792     
  -1.5346730772213442     
  -1.4249101458879638     
  -1.3222928280053841     
  -1.2264696128041737     
  -1.1370861411215820     
  -1.0537899046401005     
 -0.97623391421247385     
 -0.90407951643869933     
 -0.83699850899370754     
 -0.77467468096034797     
 -0.71680488393046360     
 -0.66309972232746894     
 -0.61328393679292037     
 -0.56709654215583682     
 -0.52429077111783318     
 -0.48463386604284003     
 -0.44790675388557444     
 -0.41390363311423978     
 -0.38243149629883649     
 -0.35330960769304909     
 -0.32636895150446271     
 -0.30145166351414587     
 -0.27841045617865517     
 -0.25710804524574121     
 -0.23741658417217329     
 -0.21921711119112749     
 -0.20239901268927357     
 -0.18685950557924713     
 -0.17250314055711008     
 -0.15924132748755424     
 -0.14699188363738630     
 -0.13567860505949333     
 -0.12523086109753973     
 -0.11558321172135530     
 -0.10667504720194913     
  -9.8450249482906232E-002
  -9.0856874492866030E-002
  -8.3846854564502971E-002
  -7.7375720072813417E-002
  -7.1402339374431287E-002
  -6.5888676115884684E-002
  -6.0799562978611124E-002
  -5.6102490939228873E-002
  -5.1767413142574999E-002
  -4.7766562510359080E-002
  -4.4074282238294009E-002
  -4.0666868367901017E-002
  -3.7522423654745798E-002
  -3.4620721991761805E-002
  -3.1943082683836534E-002
  -2.9472253907416365E-002
  -2.7192304726075180E-002
  -2.5088525069448375E-002
  -2.3147333118392770E-002
  -2.1356189573500804E-002
  -1.9703518317033816E-002
  -1.8178633009851158E-002
  -1.6771669194941184E-002
  -1.5473521507679630E-002
  -1.4275785619945648E-002
  -1.3170704570729278E-002
  -1.2151119159895959E-002
  -1.1210422104371393E-002
  -1.0342515677222231E-002
  -9.5417725699868811E-003
  -8.8029997372140248E-003
  -8.1214049995530658E-003
  -7.4925661979720155E-003
  -6.9124027068149145E-003
  -6.3771491275135912E-003
  -5.8833309978967106E-003
  -5.4277423642506584E-003
  -5.0074250746378604E-003
  -4.6196496625226357E-003
  -4.2618976995443276E-003
  -3.9318455053612622E-003
  -3.6273491109143166E-003
  -3.3464303792694497E-003
  -3.0872641954366713E-003
  -2.8481666432679542E-003
  -2.6275840937458575E-003
  -2.4240831347228280E-003
  -2.2363412774912385E-003
  -2.0631383804866508E-003
  -1.9033487349802969E-003
  -1.7559337618280901E-003
  -1.6199352722374852E-003
  -1.4944692491135551E-003
  -1.3787201088732630E-003
  -1.2719354066923368E-003
  -1.1734209509910000E-003
  -1.0825362955905699E-003
  -9.9869058039867963E-004
  -9.2133869372163499E-004
  -8.4997773137206059E-004
  -7.8414372965142441E-004
  -7.2340865105218507E-004
  -6.6737760315428078E-004
  -6.1568627269562590E-004
  -5.6799855818584564E-004
  -5.2400438571527526E-004
  -4.8341769379551825E-004
  -4.4597457416105748E-004
  -4.1143155647052192E-004
  -3.7956402577764373E-004
  -3.5016476250164416E-004
  -3.2304259542025509E-004
  -2.9802115894091098E-004
  -2.7493774658145481E-004
  -2.5364225321548080E-004
  -2.3399619921295699E-004
  -2.1587183013800989E-004
  -1.9915128615584916E-004
  -1.8372583575317764E-004
  -1.6949516879375133E-004
  -1.5636674431593065E-004
  -1.4425518883438650E-004
  -1.3308174123606841E-004
  -1.2277374066305962E-004
  -1.1326415405414325E-004
  -1.0449114027444866E-004
  -9.6397648000236862E-005
  -8.8931044745132763E-005
  -8.2042774616453661E-005
  -7.5688042576924080E-005
  -6.9825523159312112E-005
  -6.4417091740398864E-005
  -5.9427576627312385E-005
  -5.4824530344499269E-005
  -5.0578018634405626E-005
  -4.6660425800064062E-005
  -4.3046275124005061E-005
  -3.9712063195906199E-005
  -3.6636107071806824E-005
  -3.3798403271122486E-005
  -3.1180497694655551E-005
  -2.8765365617786541E-005
  -2.6537300978539411E-005
  -2.4481814240633839E-005
  -2.2585538167395696E-005
  -2.0836140893823116E-005
  -1.9222245731560889E-005
  -1.7733357185307476E-005
  -1.6359792699570915E-005
  -1.5092619691943304E-005
