   20.036282798292095     
   15.208901639140313     
   11.117560803041219     
   7.6635143048949264     
   4.7605914116570940     
   2.3336333046055553     
  0.31712181740903689     
  -1.3460232096980091     
  -2.7054985626367700     
  -3.8045423667332550     
  -4.6807447698858606     
  -5.3667585488580594     
  -5.8909218912082064     
  -6.2778041115489103     
  -6.5486837487448950     
  -6.7219673382258636     
  -6.8135561414060026     
  -6.8371672252182893     
  -6.8046145040136850     
  -6.7260546703862136     
  -6.6102023393059737     
  -6.4645182011195725     
  -6.2953735145902625     
  -6.1081938633616950     
  -5.9075847411550235     
  -5.6974412166011641     
  -5.4810436525552744     
  -5.2611412123717738     
  -5.0400246728352709     
  -4.8195898766441445     
  -4.6013929933652360     
  -4.3866986138411317     
  -4.1765215766944559     
  -3.9716633146921470     
  -3.7727434114232716     
  -3.5802269733519703     
  -3.3944483473795093     
  -3.2156316483096732     
  -3.0439085029387982     
  -2.8793333669010450     
  -2.7218967260261211     
  -2.5715364550513073     
  -2.4281475724051291     
  -2.2915905998607120     
  -2.1616987096283471     
  -2.0382838184673555     
  -1.9211417682503478     
  -1.8100567147601703     
  -1.7048048310353439     
  -1.6051574180352732     
  -1.5108835035360435     
  -1.4217519997844723     
  -1.3375334813503936     
  -1.2580016366656617     
  -1.1829344397828947     
  -1.1121150828048343     
  -1.0453327041185017     
 -0.98238294292245976     
 -0.92306834647743474     
 -0.86719865296746357     
 -0.81459096976670842     
 -0.76506986421001522     
 -0.71846738161408596     
 -0.67462300324756053     
 -0.63338355516462108     
 -0.59460307726473827     
 -0.55814266059177875     
 -0.52387025971346479     
 -0.49166048600471318     
 -0.46139438677615013     
 -0.43295921442494839     
 -0.40624818912402866     
 -0.38116025799446174     
 -0.35759985321309595     
 -0.33547665108290753     
 -0.31470533372853898     
 -0.29520535476621124     
 -0.27690071002892658     
 -0.25971971419872703     
 -0.24359478400256832     
 -0.22846222846261346     
 -0.21426204655150419     
 -0.20093773248500771     
 -0.18843608878534115     
 -0.17670704716586849     
 -0.16570349721943173     
 -0.15538112283636202     
 -0.14569824623247685     
 -0.13661567943061467     
 -0.12809658301017132     
 -0.12010633191656589     
 -0.11261238810558123     
 -0.10558417978524881     
  -9.8992987009648911E-002
  -9.2811833374021269E-002
  -8.7015383558398982E-002
  -8.1579846467096470E-002
  -7.6482883713404878E-002
  -7.1703523202418462E-002
  -6.7222077569736707E-002
  -6.3020067239596828E-002
  -5.9080147872578259E-002
  -5.5386041980189954E-002
  -5.1922474491252278E-002
  -4.8675112062878965E-002
  -4.5630505936941651E-002
  -4.2776038151067529E-002
  -4.0099870921396691E-002
  -3.7590899022452516E-002
  -3.5238704997497441E-002
  -3.3033517040618521E-002
  -3.0966169399478417E-002
  -2.9028065155149000E-002
  -2.7211141242700132E-002
  -2.5507835583226869E-002
  -2.3911056204756309E-002
  -2.2414152235972550E-002
  -2.1010886662932753E-002
  -1.9695410744915483E-002
  -1.8462239991249452E-002
  -1.7306231606415826E-002
  -1.6222563315907466E-002
  -1.5206713490268441E-002
  -1.4254442489432969E-002
  -1.3361775153943631E-002
  -1.2524984373859741E-002
  -1.1740575670178062E-002
  -1.1005272727387121E-002
  -1.0316003819372236E-002
  -9.6698890742886075E-003
  -9.0642285272346437E-003
  -8.4964909125936645E-003
  -7.9643031507789352E-003
  -7.4654404868221801E-003
  -6.9978172407971356E-003
  -6.5594781324754617E-003
  -6.1485901448795257E-003
  -5.7634348935324030E-003
  -5.4024014702170426E-003
  -5.0639797319504852E-003
  -4.7467540076613019E-003
  -4.4493971967359087E-003
  -4.1706652351770207E-003
  -3.9093919066015706E-003
  -3.6644839767004662E-003
  -3.4349166310945964E-003
  -3.2197291977539523E-003
  -3.0180211363056947E-003
  -2.8289482776453377E-003
  -2.6517192982879003E-003
  -2.4855924148566608E-003
  -2.3298722850090148E-003
  -2.1839071019464193E-003
  -2.0470858704506796E-003
  -1.9188358531356951E-003
  -1.7986201763049736E-003
  -1.6859355854631026E-003
  -1.5803103411472248E-003
  -1.4813022463240914E-003
  -1.3884967971422729E-003
  -1.3015054493396266E-003
  -1.2199639930849102E-003
  -1.1435310294819910E-003
  -1.0718865423864441E-003
  -1.0047305595800573E-003
  -9.4178189771955802E-004
  -8.8277698582405254E-004
  -8.2746876239194757E-004
  -7.7562564154442127E-004
  -7.2703054387955612E-004
  -6.8147998799065990E-004
  -6.3878323885478607E-004
  -5.9876150953441613E-004
  -5.6124721285730770E-004
  -5.2608325994790597E-004
  -4.9312240267894067E-004
  -4.6222661729509036E-004
  -4.3326652663225448E-004
  -4.0612085851708099E-004
  -3.8067593808232934E-004
  -3.5682521187528182E-004
  -3.3446880176910384E-004
  -3.1351308681155948E-004
  -2.9387031126212648E-004
  -2.7545821717800764E-004
  -2.5819970001204575E-004
  -2.4202248578176439E-004
  -2.2685882845886277E-004
  -2.1264522631304778E-004
  -1.9932215602329060E-004
  -1.8683382344390656E-004
  -1.7512792998246782E-004
  -1.6415545361186834E-004
  -1.5387044360003785E-004
  -1.4422982809819646E-004
  -1.3519323378230615E-004
  -1.2672281679281704E-004
  -1.1878310426504703E-004
  -1.1134084578686741E-004
  -1.0436487416187988E-004
