   303.35939516141042     
   253.85938486306662     
   211.84831337264458     
   176.23065658290824     
   146.06857232841801     
   120.55938803983487     
   99.016289255021491     
   80.851754846716247     
   65.563349189757758     
   52.721536737317180     
   41.959231896305106     
   32.962837795247488     
   25.464562474749023     
   19.235831017780313     
   14.081637875407685     
   9.8357057349591877     
   6.3563362385081232     
   3.5228541333441630     
   1.2325604033957340     
 -0.60187808192458014     
  -2.0546645768115357     
  -3.1887874718932818     
  -4.0576600789925950     
  -4.7065244530138131     
  -5.1736529354647258     
  -5.4913763150775576     
  -5.6869633913998712     
  -5.7833732007910541     
  -5.7998981383285315     
  -5.7527136127531087     
  -5.6553476438690131     
  -5.5190819004911713     
  -5.3532940372364850     
  -5.1657497816791800     
  -4.9628520165814800     
  -4.7498530667020340     
  -4.5310355117279659     
  -4.3098660852750834     
  -4.0891265667199255     
  -3.8710250124740768     
  -3.6572901929754424     
  -3.4492516898155738     
  -3.2479077543171053     
  -3.0539827261713559     
  -2.8679755512778349     
  -2.6902007155461005     
  -2.5208227208499756     
  -2.3598850660370037     
  -2.2073345560076922     
  -2.0630416420562052     
  -1.9268173940470719     
  -1.7984276171376148     
  -1.6776045505382020     
  -1.5640565214265068     
  -1.4574758720486019     
  -1.3575454309203878     
  -1.2639437587478830     
  -1.1763493652369432     
  -1.0944440635238211     
  -1.0179156038088442     
 -0.94645970630011989     
 -0.87978159524410815     
 -0.81759712018219788     
 -0.75963353723877847     
 -0.70563001188388008     
 -0.65533789493711614     
 -0.60852081534497826     
 -0.56495462626116089     
 -0.52442723501019672     
 -0.48673834246465897     
 -0.45169911308401850     
 -0.41913179323636535     
 -0.38886929235620127     
 -0.36075473889997317     
 -0.33464102087537723     
 -0.31039031888038987     
 -0.28787363804191729     
 -0.26697034394780012     
 -0.24756770658201069     
 -0.22956045536908112     
 -0.21285034768264191     
 -0.19734575255100567     
 -0.18296125078004785     
 -0.16961725229315069     
 -0.15723963114524436     
 -0.14575937839060857     
 -0.13511227276162846     
 -0.12523856893919585     
 -0.11608270305734684     
 -0.10759301497860001     
  -9.9721486796878145E-002
  -9.2423496967241434E-002
  -8.5657589422059491E-002
  -7.9385257008410204E-002
  -7.3570738568655175E-002
  -6.8180828982986719E-002
  -6.3184701497314186E-002
  -5.8553741670535016E-002
  -5.4261392290653930E-002
  -5.0283008628244044E-002
  -4.6595723417447894E-002
  -4.3178320978322721E-002
  -4.0011119919205439E-002
  -3.7075863883396606E-002
  -3.4355619830410668E-002
  -3.1834683367983480E-002
  -2.9498490676693585E-002
  -2.7333536594232957E-002
  -2.5327298450892991E-002
  -2.3468165271590152E-002
  -2.1745371982654017E-002
  -2.0148938283575384E-002
  -1.8669611864925263E-002
  -1.7298815673684468E-002
  -1.6028598946260682E-002
  -1.4851591747522127E-002
  -1.3760962771255667E-002
  -1.2750380173585964E-002
  -1.1813975226096295E-002
  -1.0946308589703180E-002
  -1.0142339023788666E-002
  -9.3973943577229414E-003
  -8.7071445637524440E-003
  -8.0675767813225153E-003
  -7.4749721532870418E-003
  -6.9258843441674794E-003
  -6.4171196196971458E-003
  -5.9457183753595585E-003
  -5.5089380095366108E-003
  -5.1042370442570921E-003
  -4.7292604034106997E-003
  -4.3818257646980711E-003
  -4.0599109075528921E-003
  -3.7616419848257644E-003
  -3.4852826511877792E-003
  -3.2292239860197813E-003
  -2.9919751530245856E-003
  -2.7721547429569123E-003
  -2.5684827497295935E-003
  -2.3797731337456629E-003
  -2.2049269296416387E-003
  -2.0429258587262729E-003
  -1.8928264092764155E-003
  -1.7537543505239074E-003
  -1.6248996486477230E-003
  -1.5055117553883677E-003
  -1.3948952420382917E-003
  -1.2924057535453929E-003
  -1.1974462593065170E-003
  -1.1094635789352031E-003
  -1.0279451628714346E-003
  -9.5241610917030689E-004
  -8.8243639916892502E-004
  -8.1759833599460801E-004
  -7.5752417104924604E-004
  -7.0186390469145201E-004
  -6.5029324834567348E-004
  -6.0251173620179681E-004
  -5.5824097553488854E-004
  -5.1722302547785402E-004
  -4.7921889482419576E-004
  -4.4400715012825630E-004
  -4.1138262601003820E-004
  -3.8115523016470841E-004
  -3.5314883612659132E-004
  -3.2720025734689069E-004
  -3.0315829661664313E-004
  -2.8088286530402926E-004
  -2.6024416728083954E-004
  -2.4112194278879314E-004
  -2.2340476784484765E-004
  -2.0698940510749118E-004
  -1.9178020242526786E-004
  -1.7768853556606080E-004
  -1.6463229188265884E-004
  -1.5253539190824615E-004
  -1.4132734609615373E-004
  -1.3094284412268274E-004
  -1.2132137436132633E-004
  -1.1240687131229133E-004
  -1.0414738893395231E-004
  -9.6494797973627864E-005
  -8.9404505534793944E-005
  -8.2835195247293785E-005
  -7.6748586527071531E-005
  -7.1109211523096808E-005
  -6.5884208452150379E-005
  -6.1043130117562143E-005
  -5.6557766496428083E-005
  -5.2401980361753721E-005
  -4.8551554981903908E-005
  -4.4984053010062900E-005
  -4.1678685741605023E-005
  -3.8616191977648491E-005
  -3.5778725789037549E-005
  -3.3149752526828636E-005
  -3.0713952473408950E-005
  -2.8457131572872720E-005
  -2.6366138720533329E-005
  -2.4428789129649698E-005
