  -2.0000000000000000        0.0000000000000000     
  -1.9733333333333334        0.0000000000000000     
  -1.9466666666666668        0.0000000000000000     
  -1.9199999999999999        0.0000000000000000     
  -1.8933333333333333        0.0000000000000000     
  -1.8666666666666667        0.0000000000000000     
  -1.8400000000000001        0.0000000000000000     
  -1.8133333333333332        0.0000000000000000     
  -1.7866666666666666        0.0000000000000000     
  -1.7600000000000000        0.0000000000000000     
  -1.7333333333333334        0.0000000000000000     
  -1.7066666666666666        0.0000000000000000     
  -1.6799999999999999        0.0000000000000000     
  -1.6533333333333333        0.0000000000000000     
  -1.6266666666666667        0.0000000000000000     
  -1.6000000000000001        0.0000000000000000     
  -1.5733333333333333        0.0000000000000000     
  -1.5466666666666666        0.0000000000000000     
  -1.5200000000000000        0.0000000000000000     
  -1.4933333333333332        0.0000000000000000     
  -1.4666666666666668        0.0000000000000000     
  -1.4399999999999999        0.0000000000000000     
  -1.4133333333333333        0.0000000000000000     
  -1.3866666666666667        0.0000000000000000     
  -1.3599999999999999        0.0000000000000000     
  -1.3333333333333333        0.0000000000000000     
  -1.3066666666666666        0.0000000000000000     
  -1.2799999999999998        0.0000000000000000     
  -1.2533333333333334        0.0000000000000000     
  -1.2266666666666666        0.0000000000000000     
  -1.2000000000000000        0.0000000000000000     
  -1.1733333333333333        0.0000000000000000     
  -1.1466666666666665        0.0000000000000000     
  -1.1200000000000001        0.0000000000000000     
  -1.0933333333333333        0.0000000000000000     
  -1.0666666666666667        0.0000000000000000     
  -1.0400000000000000        0.0000000000000000     
  -1.0133333333333332        0.0000000000000000     
 -0.98666666666666658        52.872576794481944     
 -0.95999999999999996        60.363288310674022     
 -0.93333333333333335        68.581816760196261     
 -0.90666666666666651        77.540105511020073     
 -0.87999999999999989        87.245460775861815     
 -0.85333333333333328        97.713801169037083     
 -0.82666666666666666        108.97588971792945     
 -0.79999999999999982        121.12300000000010     
 -0.77333333333333321        134.28859358309765     
 -0.74666666666666659        148.68731887019467     
 -0.71999999999999997        164.56338718850171     
 -0.69333333333333336        182.18666227169558     
 -0.66666666666666652        201.83818349095438     
 -0.63999999999999990        223.81267643614873     
 -0.61333333333333329        248.42818042617202     
 -0.58666666666666667        276.03506399135284     
 -0.55999999999999983        307.03372091168609     
 -0.53333333333333321        341.87896590372986     
 -0.50666666666666660        381.11926795983408     
 -0.47999999999999998        425.38937236266241     
 -0.45333333333333314        475.50212835563491     
 -0.42666666666666653        532.41589972329689     
 -0.39999999999999991        597.40900000000033     
 -0.37333333333333329        672.04107426219832     
 -0.34666666666666646        758.53337925173798     
 -0.31999999999999984        859.71655308463630     
 -0.29333333333333322        979.65933160872839     
 -0.26666666666666661        1124.0206760913093     
 -0.23999999999999999        1301.1409742106393     
 -0.21333333333333315        1519.6640526904762     
 -0.18666666666666654        1788.2275052279720     
 -0.15999999999999992        2115.4685180708861     
 -0.13333333333333330        2510.0242656261712     
 -0.10666666666666647        2980.5319397027483     
  -7.9999999999999849E-002   3535.6285264165717     
  -5.3333333333333233E-002   4183.9508893879456     
  -2.6666666666666616E-002   4934.1359173728324     
   0.0000000000000000        5794.8204500000002     
   2.6666666666666838E-002   4934.4204030317887     
   5.3333333333333677E-002   4184.4870171937091     
   8.0000000000000071E-002   3536.3779199568417     
  0.10666666666666691        2981.4508491552810     
  0.13333333333333330        2511.0636810971228     
  0.16000000000000014        2116.5742982267070     
  0.18666666666666698        1789.3405870926049     
  0.21333333333333337        1520.7204655479970     
  0.24000000000000021        1302.0718287570105     
  0.26666666666666661        1124.7525731961280     
  0.29333333333333345        980.12051026053507     
  0.32000000000000028        859.84286494052117     
  0.34666666666666668        758.28136565194495     
  0.37333333333333352        671.39425150590796     
  0.40000000000000036        596.37599999999907     
  0.42666666666666675        531.02597748662026     
  0.45333333333333359        473.78973723553321     
  0.47999999999999998        423.37841825871368     
  0.50666666666666682        378.79057322113982     
  0.53333333333333366        339.20523907381192     
  0.56000000000000005        304.05693724550565     
  0.58666666666666689        272.80948693622059     
  0.61333333333333329        244.93161029019166     
  0.64000000000000012        220.00582429999793     
  0.66666666666666696        197.72845869195180     
  0.69333333333333336        177.80079360678519     
  0.72000000000000020        159.92938926933715     
  0.74666666666666703        143.86679302868998     
  0.77333333333333343        129.39205784314359     
  0.80000000000000027        116.30099999999990     
  0.82666666666666666        104.39987683440208     
  0.85333333333333350        93.512717979073244     
  0.88000000000000034        83.484336205753507     
  0.90666666666666673        74.204904062693174     
  0.93333333333333357        65.597113361453083     
  0.96000000000000041        57.631987891710217     
  0.98666666666666680        50.294872741653982     
   1.0133333333333336        43.582968796633239     
   1.0400000000000000        37.486300890222807     
   1.0666666666666669        31.986434606113502     
   1.0933333333333337        27.059460686269396     
   1.1200000000000001        22.676772829659317     
   1.1466666666666669        18.800931214057726     
   1.1733333333333333        15.390398961980129     
   1.2000000000000002        12.405999999999976     
   1.2266666666666670        9.8087503980653352     
   1.2533333333333334        7.5569758218567449     
   1.2800000000000002        5.6097712906093893     
   1.3066666666666671        3.9302418592075732     
   1.3333333333333335        2.4840486871436225     
   1.3600000000000003        1.2405555333284073     
   1.3866666666666667       0.17249876364223482     
   1.4133333333333336      -0.74319636312582471     
   1.4400000000000004       -1.5271780083145590     
   1.4666666666666668       -2.1976614885762182     
   1.4933333333333336       -2.7685586963324997     
   1.5200000000000000       -3.2507065483663036     
   1.5466666666666669       -3.6545212475854809     
   1.5733333333333337       -3.9898197787120022     
   1.6000000000000001       -4.2640000000000002     
   1.6266666666666669       -4.4833396546098783     
   1.6533333333333338       -4.6531074289635939     
   1.6800000000000002       -4.7783177915918040     
   1.7066666666666670       -4.8639799546259468     
   1.7333333333333334       -4.9147531591498081     
   1.7600000000000002       -4.9346188505204527     
   1.7866666666666671       -4.9274785854895100     
   1.8133333333333335       -4.8971925826874845     
   1.8400000000000003       -4.8467236894042056     
   1.8666666666666667       -4.7781345767325929     
   1.8933333333333335       -4.6934462515820137     
   1.9200000000000004       -4.5947146119860145     
   1.9466666666666668       -4.4839311130023933     
   1.9733333333333336       -4.3630440613346968     
   2.0000000000000000       -4.2340000000000000     
   2.0266666666666673       -4.0985235604644705     
   2.0533333333333337       -3.9574567255996067     
   2.0800000000000001       -3.8114188234068092     
   2.1066666666666674       -3.6610316777470739     
   2.1333333333333337       -3.5073358458020518     
   2.1600000000000001       -3.3521869245809506     
   2.1866666666666665       -3.1975329298955208     
   2.2133333333333338       -3.0453065213228951     
   2.2400000000000002       -2.8971118752100788     
   2.2666666666666666       -2.7542247897630006     
   2.2933333333333339       -2.6179055748822746     
   2.3200000000000003       -2.4892499037088855     
   2.3466666666666667       -2.3679261099625046     
   2.3733333333333340       -2.2528674758007727     
   2.4000000000000004       -2.1429999999999980     
   2.4266666666666667       -2.0374586094302698     
   2.4533333333333340       -1.9362183294972319     
   2.4800000000000004       -1.8394781167611673     
   2.5066666666666668       -1.7474419977121951     
   2.5333333333333332       -1.6600861278953287     
   2.5600000000000005       -1.5769440991709724     
   2.5866666666666669       -1.4974984903385995     
   2.6133333333333333       -1.4212457390197035     
   2.6400000000000006       -1.3480060418851023     
   2.6666666666666670       -1.2779233392379230     
   2.6933333333333334       -1.2111555085799302     
   2.7200000000000006       -1.1478331446399963     
   2.7466666666666670       -1.0878510870420735     
   2.7733333333333334       -1.0309826504059969     
   2.8000000000000007      -0.97699999999999865     
   2.8266666666666671      -0.92570601802476049     
   2.8533333333333335      -0.87702680569603420     
   2.8799999999999999      -0.83091918775274209     
   2.9066666666666672      -0.78733945793224280     
   2.9333333333333336      -0.74620463413445659     
   2.9600000000000000      -0.70735554328076500     
   2.9866666666666672      -0.67062413632125883     
   3.0133333333333336      -0.63584401141808666     
   3.0400000000000000      -0.60289067799419649     
   3.0666666666666673      -0.57168162246667809     
   3.0933333333333337      -0.54213598687556197     
   3.1200000000000001      -0.51417302533271303     
   3.1466666666666674      -0.48771428553786650     
   3.1733333333333338      -0.46268243793811820     
   3.2000000000000002      -0.43899999999999995     
   3.2266666666666666      -0.41659438425895612     
   3.2533333333333339      -0.39541305794809661     
   3.2800000000000002      -0.37540839142719296     
   3.3066666666666666      -0.35653259042310337     
   3.3333333333333339      -0.33873770834680861     
   3.3600000000000003      -0.32197564606667439     
   3.3866666666666667      -0.30619815610264078     
   3.4133333333333340      -0.29135682560177151     
   3.4400000000000004      -0.27740309673209135     
   3.4666666666666668      -0.26428826973514485     
   3.4933333333333341      -0.25196348850713185     
   3.5200000000000005      -0.24038028798051297     
   3.5466666666666669      -0.22949466726113874     
   3.5733333333333333      -0.21926484416543945     
   3.6000000000000005      -0.20964892669615007     
   3.6266666666666669      -0.20060488653428893     
   3.6533333333333333      -0.19209054169683576     
   3.6800000000000006      -0.18406358448408644     
   3.7066666666666670      -0.17648157320150093     
   3.7333333333333334      -0.16930192351620832     
   3.7600000000000007      -0.16248224102682821     
   3.7866666666666671      -0.15599398273189863     
   3.8133333333333335      -0.14982789462577431     
   3.8400000000000007      -0.14397602766366399     
   3.8666666666666671      -0.13843030164497461     
   3.8933333333333335      -0.13318251846105061     
   3.9200000000000008      -0.12822435535598181     
   3.9466666666666672      -0.12354735885956175     
   3.9733333333333336      -0.11914296564285694     
   4.0000000000000000      -0.11500000000000000     
   4.0266666666666673      -0.11110306063818942     
   4.0533333333333337      -0.10743823387446969     
   4.0800000000000001      -0.10399057427215586     
   4.1066666666666674      -0.10074506770538746     
   4.1333333333333337       -9.7685957199834167E-002
   4.1600000000000001       -9.4786864047331554E-002
   4.1866666666666674       -9.2031985062656932E-002
   4.2133333333333338       -8.9410547629598408E-002
   4.2400000000000002       -8.6911730527543696E-002
   4.2666666666666675       -8.4524657864118807E-002
   4.2933333333333339       -8.2238406503975209E-002
   4.3200000000000003       -8.0042001119564207E-002
   4.3466666666666667       -7.7924416085968673E-002
   4.3733333333333340       -7.5874579253442875E-002
   4.4000000000000004       -7.3881370314510059E-002
   4.4266666666666667       -7.1933622019407506E-002
   4.4533333333333340       -7.0020119280326323E-002
   4.4800000000000004       -6.8129602899146990E-002
   4.5066666666666668       -6.6250809757133058E-002
   4.5333333333333341       -6.4377743542633745E-002
   4.5600000000000005       -6.2514670658265006E-002
   4.5866666666666669       -6.0666999085368947E-002
   4.6133333333333342       -5.8840093159610946E-002
   4.6400000000000006       -5.7039277615703633E-002
   4.6666666666666670       -5.5269833348506214E-002
   4.6933333333333334       -5.3537002547862714E-002
   4.7200000000000006       -5.1845986384121467E-002
   4.7466666666666670       -5.0201946245704218E-002
   4.7733333333333334       -4.8609299571983254E-002
   4.8000000000000007       -4.7068306251095399E-002
   4.8266666666666671       -4.5577696718097277E-002
   4.8533333333333335       -4.4136161499032073E-002
   4.8800000000000008       -4.2742354990242579E-002
   4.9066666666666672       -4.1394895682584067E-002
   4.9333333333333336       -4.0092366913537222E-002
   4.9600000000000009       -3.8833316233269313E-002
   4.9866666666666672       -3.7616257023266514E-002
   5.0133333333333336       -3.6439681548379711E-002
   5.0400000000000000       -3.5302354226073543E-002
   5.0666666666666673       -3.4203311951771051E-002
   5.0933333333333337       -3.3141524885889152E-002
   5.1200000000000001       -3.2107966203906546E-002
   5.1466666666666674       -3.1098116639678777E-002
   5.1733333333333338       -3.0114360526452728E-002
   5.2000000000000002       -2.9159083111374974E-002
   5.2266666666666675       -2.8234669447098439E-002
   5.2533333333333339       -2.7343502994046268E-002
   5.2800000000000002       -2.6487055881413483E-002
   5.3066666666666675       -2.5664282278113962E-002
   5.3333333333333339       -2.4873704934188466E-002
   5.3600000000000003       -2.4113846492361448E-002
   5.3866666666666667       -2.3383229629240988E-002
   5.4133333333333340       -2.2680377059935815E-002
   5.4400000000000004       -2.2003811622373776E-002
   5.4666666666666668       -2.1352056121814011E-002
   5.4933333333333341       -2.0723633222147094E-002
   5.5200000000000005       -2.0117107909086978E-002
   5.5466666666666669       -1.9531413167980610E-002
   5.5733333333333341       -1.8965671561492269E-002
   5.6000000000000005       -1.8419007242562745E-002
   5.6266666666666669       -1.7890544187225972E-002
   5.6533333333333342       -1.7379406521364806E-002
   5.6800000000000006       -1.6884718251067944E-002
   5.7066666666666670       -1.6405603478766607E-002
   5.7333333333333334       -1.5941186322196526E-002
   5.7600000000000007       -1.5490596420519654E-002
   5.7866666666666671       -1.5053216552704019E-002
   5.8133333333333335       -1.4628780797528938E-002
   5.8400000000000007       -1.4217049100448345E-002
   5.8666666666666671       -1.3817781382568580E-002
   5.8933333333333335       -1.3430737566401091E-002
   5.9200000000000008       -1.3055677585210439E-002
   5.9466666666666672       -1.2692361374500867E-002
   5.9733333333333336       -1.2340548869974452E-002
