   0.0000000000000000        122.44293207170176     
   5.0000000000000003E-002   121.52550482915912     
  0.10000000000000001        119.13903323399575     
  0.15000000000000002        115.36736750464027     
  0.20000000000000001        110.35688695234190     
  0.25000000000000000        104.29553781768820     
  0.30000000000000004        97.375412157271015     
  0.35000000000000003        89.800222289314362     
  0.40000000000000002        81.761175760492762     
  0.45000000000000001        73.447786310493584     
  0.50000000000000000        65.047261233619565     
  0.55000000000000004        56.742292762101307     
  0.60000000000000009        48.707482253715533     
  0.65000000000000002        41.103655556596166     
  0.70000000000000007        34.050564886188909     
  0.75000000000000000        27.647395095757844     
  0.80000000000000004        21.936485889839048     
  0.85000000000000009        16.944312472137483     
  0.90000000000000002        12.650528313194954     
  0.95000000000000007        9.0214302858289201     
   1.0000000000000000        5.9929501160109906     
   1.0500000000000000        3.4946201109664123     
   1.1000000000000001        1.4530047057385413     
   1.1500000000000001      -0.20314544354913400     
   1.2000000000000002       -1.5350036590310467     
   1.2500000000000000       -2.5973907159242922     
   1.3000000000000000       -3.4310243255181305     
   1.3500000000000001       -4.0708317047222078     
   1.4000000000000001       -4.5449727258800658     
   1.4500000000000002       -4.8784087436254620     
   1.5000000000000000       -5.0900204126988893     
   1.5500000000000000       -5.1971195135940516     
   1.6000000000000001       -5.2169595662744594     
   1.6500000000000001       -5.1657794364090979     
   1.7000000000000002       -5.0559861592127326     
   1.7500000000000000       -4.8987247355068106     
   1.8000000000000000       -4.7040154257755660     
   1.8500000000000001       -4.4809323655205064     
   1.9000000000000001       -4.2360082489881563     
   1.9500000000000002       -3.9752045153456210     
   2.0000000000000000       -3.7040020556220261     
   2.0500000000000003       -3.4277032227173576     
   2.1000000000000001       -3.1517283359546058     
   2.1499999999999999       -2.8817975478634157     
   2.2000000000000002       -2.6233403186906750     
   2.2500000000000000       -2.3820348259699955     
   2.3000000000000003       -2.1620880792760757     
   2.3500000000000001       -1.9629492824234260     
   2.4000000000000004       -1.7828814417032515     
   2.4500000000000002       -1.6199905406009405     
   2.5000000000000000       -1.4726086217799681     
   2.5500000000000003       -1.3389046014296697     
   2.6000000000000001       -1.2176709970244346     
   2.6500000000000004       -1.1076209093407752     
   2.7000000000000002       -1.0075053765732238     
   2.7500000000000000      -0.91624962796458065     
   2.8000000000000003      -0.83269899467909425     
   2.8500000000000001      -0.75640079816982730     
   2.9000000000000004      -0.68704539864876812     
   2.9500000000000002      -0.62430466156351483     
   3.0000000000000000      -0.56785781033505955     
   3.0500000000000003      -0.51733450332568109     
   3.1000000000000001      -0.47217109246194233     
   3.1500000000000004      -0.43172127944608363     
   3.2000000000000002      -0.39536492831608439     
   3.2500000000000000      -0.36246818388005542     
   3.3000000000000003      -0.33247445923881935     
   3.3500000000000001      -0.30503951431579646     
   3.4000000000000004      -0.27989677467849972     
   3.4500000000000002      -0.25677665471226613     
   3.5000000000000000      -0.23542008872653258     
   3.5500000000000003      -0.21559938222778233     
   3.6000000000000001      -0.19733300598673958     
   3.6500000000000004      -0.18070062593210620     
   3.7000000000000002      -0.16578136197876570     
   3.7500000000000000      -0.15264215490755056     
   3.8000000000000003      -0.14130178229605092     
   3.8500000000000001      -0.13155583521094813     
   3.9000000000000004      -0.12316904188034503     
   3.9500000000000002      -0.11586865439115594     
   4.0000000000000000      -0.10940192903101813     
   4.0499999999999998      -0.10354743961745227     
   4.1000000000000005       -9.8212573473975689E-002
   4.1500000000000004       -9.3334847128430126E-002
   4.2000000000000002       -8.8849760868852365E-002
   4.2500000000000000       -8.4697262691378963E-002
   4.2999999999999998       -8.0812766333869149E-002
   4.3500000000000005       -7.7135524608188413E-002
   4.4000000000000004       -7.3602770310545781E-002
   4.4500000000000002       -7.0151317733818525E-002
   4.5000000000000000       -6.6720000000000002E-002
   4.5499999999999998       -6.3264908370834788E-002
   4.6000000000000005       -5.9815008513941156E-002
   4.6500000000000004       -5.6421992820066026E-002
   4.7000000000000002       -5.3133823056990402E-002
   4.7500000000000000       -4.9999761043004423E-002
   4.8000000000000007       -4.7059112695509123E-002
   4.8500000000000005       -4.4306692587789270E-002
   4.9000000000000004       -4.1727222110560930E-002
   4.9500000000000002       -3.9304239403352481E-002
   5.0000000000000000       -3.7022720508291772E-002
   5.0500000000000007       -3.4870052234835670E-002
   5.1000000000000005       -3.2838871894769750E-002
   5.1500000000000004       -3.0928115915058459E-002
   5.2000000000000002       -2.9134417982019992E-002
   5.2500000000000000       -2.7452686624950096E-002
   5.3000000000000007       -2.5881514913561346E-002
   5.3500000000000005       -2.4414002842459863E-002
   5.4000000000000004       -2.3043726495387797E-002
   5.4500000000000002       -2.1765059041456702E-002
   5.5000000000000000       -2.0570244859499199E-002
   5.5500000000000007       -1.9453147059757647E-002
   5.6000000000000005       -1.8409456921784927E-002
   5.6500000000000004       -1.7432681485797619E-002
   5.7000000000000002       -1.6517812486959483E-002
   5.7500000000000000       -1.5657816089807576E-002
   5.8000000000000007       -1.4848471375987342E-002
   5.8500000000000005       -1.4083733183704934E-002
   5.9000000000000004       -1.3358169565236435E-002
   5.9500000000000002       -1.2665630514810969E-002
   6.0000000000000000       -1.1999861086264935E-002
   6.0500000000000007       -1.1356758737306303E-002
   6.1000000000000005       -1.0734904332575871E-002
   6.1500000000000004       -1.0133204779355146E-002
   6.2000000000000002       -9.5524543968370269E-003
   6.2500000000000000       -8.9916632507327076E-003
   6.3000000000000007       -8.4506530819304492E-003
   6.3500000000000005       -7.9291132430905457E-003
   6.4000000000000004       -7.4267083647165466E-003
   6.4500000000000002       -6.9431470852990770E-003
   6.5000000000000000       -6.4779044178198989E-003
   6.5500000000000007       -6.0308768919105629E-003
   6.6000000000000005       -5.6017263900028924E-003
   6.6500000000000004       -5.1899497142140838E-003
   6.7000000000000002       -4.7952894426318803E-003
   6.7500000000000000       -4.4173995812299945E-003
   6.8000000000000007       -4.0560419263926343E-003
   6.8500000000000005       -3.7108532260393245E-003
   6.9000000000000004       -3.3814202016615872E-003
   6.9500000000000002       -3.0674220915170992E-003
   7.0000000000000000       -2.7685594780433812E-003
   7.0500000000000007       -2.4846228586120830E-003
   7.1000000000000005       -2.2151051461575515E-003
   7.1500000000000004       -1.9597076313554616E-003
   7.2000000000000002       -1.7180813893298769E-003
   7.2500000000000000       -1.4900186047643040E-003
   7.3000000000000007       -1.2751283831501879E-003
   7.3500000000000005       -1.0729877788059764E-003
   7.4000000000000004       -8.8335738485995486E-004
   7.4500000000000002       -7.0588000068946138E-004
   7.5000000000000000       -5.4022912283366818E-004
   7.5500000000000007       -3.8606875401544062E-004
   7.6000000000000005       -2.4306351566525498E-004
   7.6500000000000004       -1.1088244115023635E-004
   7.7000000000000002        1.0792486037075961E-005
   7.7500000000000000        1.2230462515873478E-004
   7.8000000000000007        2.2398055729994036E-004
   7.8500000000000005        3.1616440389495081E-004
   7.9000000000000004        3.9917251104959429E-004
   7.9500000000000002        4.7333990346944891E-004
   8.0000000000000000        5.3900605809494831E-004
   8.0500000000000007        5.9650573367177795E-004
   8.0999999999999996        6.4615866233967765E-004
   8.1500000000000004        6.8829559530681492E-004
   8.2000000000000011        7.2325902610731669E-004
   8.2500000000000000        7.5136959377451610E-004
   8.3000000000000007        7.7297682498027570E-004
   8.3499999999999996        7.8839387341379211E-004
   8.4000000000000004        7.9796036422803479E-004
   8.4500000000000011        8.0200399594791379E-004
   8.5000000000000000        8.0086292271330870E-004
   8.5500000000000007        7.9486667120168665E-004
   8.5999999999999996        7.8435073042774331E-004
   8.6500000000000004        7.6963592678389882E-004
   8.7000000000000011        7.5106522769381040E-004
   8.7500000000000000        7.2896555050456764E-004
   8.8000000000000007        7.0365956023232465E-004
   8.8499999999999996        6.7549333849988740E-004
   8.9000000000000004        6.4479911844852241E-004
   8.9500000000000011        6.1189891592007572E-004
   9.0000000000000000        5.7713086184553214E-004
   9.0500000000000007        5.4081462384303293E-004
   9.0999999999999996        5.0330555291947399E-004
   9.1500000000000004        4.6491753676364603E-004
   9.2000000000000011        4.2598608795751665E-004
   9.2500000000000000        3.8684171724440999E-004
   9.3000000000000007        3.4782512284617069E-004
   9.3499999999999996        3.0925020230512432E-004
   9.4000000000000004        2.7147139287535325E-004
   9.4500000000000011        2.3479719985090419E-004
   9.5000000000000000        1.9958075219951680E-004
   9.5500000000000007        1.6613513463481500E-004
   9.6000000000000014        1.3480825495546751E-004
   9.6500000000000004        1.0592632413307746E-004
   9.7000000000000011        7.9810242350357295E-005
   9.7500000000000000        5.6806031820128270E-005
   9.8000000000000007        3.7240340922683248E-005
   9.8500000000000014        2.1445268863283483E-005
   9.9000000000000004        9.7525070586863146E-006
   9.9500000000000011        2.4931897908453759E-006
