  0.50000000000000000        389.44299999999998     
  0.54749999999999999        320.01431525218322     
  0.59499999999999997        263.75987222879883     
  0.64250000000000007        217.80944180597592     
  0.68999999999999995        180.17345964142964     
  0.73750000000000004        149.19823500638276     
  0.78500000000000003        123.50614811535900     
  0.83250000000000002        101.93762102920219     
  0.88000000000000000        83.484336205753621     
  0.92749999999999999        67.424347966073341     
  0.97499999999999998        53.427795722836201     
   1.0225000000000000        41.418736363352188     
   1.0700000000000001        31.339795381659140     
   1.1175000000000002        23.065470183497606     
   1.1650000000000000        16.408614374208238     
   1.2124999999999999        11.142831747057784     
   1.2600000000000000        7.0431006696497942     
   1.3075000000000001        3.8816802223462750     
   1.3550000000000000        1.4596245901312754     
   1.4024999999999999      -0.38814906685694472     
   1.4500000000000000       -1.7910000000000004     
   1.4975000000000001       -2.8494734405663582     
   1.5449999999999999       -3.6313839677133548     
   1.5925000000000000       -4.1926861902999661     
   1.6400000000000001       -4.5741065299323402     
   1.6875000000000000       -4.8061917885015069     
   1.7350000000000001       -4.9168597662270486     
   1.7825000000000000       -4.9302164277876157     
   1.8300000000000001       -4.8678814450957333     
   1.8774999999999999       -4.7455559188206013     
   1.9250000000000000       -4.5748019507376334     
   1.9724999999999999       -4.3669553804998884     
   2.0200000000000000       -4.1329409901531546     
   2.0674999999999999       -3.8804537269587187     
   2.1150000000000002       -3.6132755087989743     
   2.1625000000000001       -3.3376369465888369     
   2.2100000000000000       -3.0641412442536744     
   2.2575000000000003       -2.8026650314856401     
   2.3049999999999997       -2.5606504325693815     
   2.3525000000000000       -2.3422589330512671     
   2.3999999999999999       -2.1429999999999998     
   2.4474999999999998       -1.9579872794610917     
   2.4950000000000001       -1.7871166044705125     
   2.5425000000000000       -1.6310569067202141     
   2.5899999999999999       -1.4878018991185269     
   2.6375000000000002       -1.3547405938614490     
   2.6850000000000001       -1.2316548536669718     
   2.7324999999999999       -1.1193143971512041     
   2.7800000000000002       -1.0172253380875289     
   2.8275000000000001      -0.92414543964066043     
   2.8750000000000000      -0.83937046781812630     
   2.9224999999999999      -0.76263048692916602     
   2.9700000000000002      -0.69334213650499221     
   3.0175000000000001      -0.63057679697784375     
   3.0649999999999999      -0.57358261462869176     
   3.1124999999999998      -0.52188223802420930     
   3.1600000000000001      -0.47502484217211671     
   3.2075000000000000      -0.43257192914992632     
   3.2549999999999999      -0.39412878722389821     
   3.3025000000000002      -0.35940945800712748     
   3.3500000000000001      -0.32814344466848910     
   3.3975000000000000      -0.30005870072767660     
   3.4449999999999998      -0.27488163543268596     
   3.4925000000000002      -0.25233716550436097     
   3.5400000000000000      -0.23215295490595900     
   3.5874999999999999      -0.21408262122893462     
   3.6350000000000002      -0.19788923951659587     
   3.6825000000000001      -0.18333452696116745     
   3.7300000000000000      -0.17017883441819445     
   3.7774999999999999      -0.15818758452484399     
   3.8250000000000002      -0.14722951104890988     
   3.8725000000000001      -0.13725717810374616     
   3.9199999999999999      -0.12822435535598195     
   3.9675000000000002      -0.12008357058836629     
   4.0150000000000006      -0.11277853251465926     
   4.0625000000000000      -0.10622936161827079     
   4.1099999999999994      -0.10035284347297772     
   4.1575000000000006       -9.5052361418241610E-002
   4.2050000000000001       -9.0216065162831940E-002
   4.2524999999999995       -8.5779541166846454E-002
   4.2999999999999998       -8.1681311954017663E-002
   4.3475000000000001       -7.7859391042523346E-002
   4.3949999999999996       -7.4251297041920336E-002
   4.4424999999999999       -7.0794070004373683E-002
   4.4900000000000002       -6.7424277821262132E-002
   4.5374999999999996       -6.4085842282072467E-002
   4.5850000000000000       -6.0781925475263357E-002
   4.6325000000000003       -5.7542813356173242E-002
   4.6799999999999997       -5.4398515260678161E-002
   4.7275000000000000       -5.1378629892366037E-002
   4.7750000000000004       -4.8511487234490502E-002
   4.8224999999999998       -4.5807336105545951E-002
   4.8700000000000001       -4.3259525936207174E-002
   4.9175000000000004       -4.0860405903104961E-002
   4.9649999999999999       -3.8601964234680639E-002
   5.0125000000000002       -3.6475850334111007E-002
   5.0600000000000005       -3.4474536534103095E-002
   5.1074999999999999       -3.2589640285695859E-002
   5.1550000000000002       -3.0787777561935147E-002
   5.2024999999999997       -2.9071071328179470E-002
   5.2500000000000000       -2.7452999999999995E-002
   5.2975000000000003       -2.5943404760907146E-002
   5.3449999999999998       -2.4537574130902337E-002
   5.3925000000000001       -2.3227159407026091E-002
   5.4400000000000004       -2.2003811622373776E-002
   5.4874999999999998       -2.0859181956562337E-002
   5.5350000000000001       -1.9785147773150134E-002
   5.5825000000000005       -1.8775648218588716E-002
   5.6299999999999999       -1.7825722443820920E-002
   5.6775000000000002       -1.6930420118697709E-002
   5.7249999999999996       -1.6084790760710180E-002
   5.7725000000000000       -1.5283947669113828E-002
   5.8200000000000003       -1.4524666261011201E-002
   5.8674999999999997       -1.3805502480813081E-002
   5.9150000000000000       -1.3125099543627207E-002
   5.9625000000000004       -1.2482100674002286E-002
   6.0099999999999998       -1.1874778805813656E-002
   6.0575000000000001       -1.1290912720371169E-002
   6.1050000000000004       -1.0724918140313991E-002
   6.1524999999999999       -1.0176531326762550E-002
   6.2000000000000002       -9.6454885408372472E-003
   6.2475000000000005       -9.1315260436585118E-003
   6.2949999999999999       -8.6343800963467783E-003
   6.3425000000000002       -8.1537869600224432E-003
   6.3899999999999997       -7.6894828958059529E-003
   6.4375000000000000       -7.2412041648177048E-003
   6.4850000000000003       -6.8086870281781299E-003
   6.5324999999999998       -6.3916677470076590E-003
   6.5800000000000001       -5.9898825824266930E-003
   6.6275000000000004       -5.6030677955556619E-003
   6.6749999999999998       -5.2309596475149985E-003
   6.7225000000000001       -4.8732943994250991E-003
   6.7700000000000005       -4.5298083124064017E-003
   6.8174999999999999       -4.2002376475793312E-003
   6.8650000000000002       -3.8843186660642934E-003
   6.9124999999999996       -3.5817876289817199E-003
   6.9600000000000000       -3.2923807974520208E-003
   7.0075000000000003       -3.0158344325956279E-003
   7.0549999999999997       -2.7518847955329598E-003
   7.1025000000000000       -2.5002681473844327E-003
   7.1500000000000004       -2.2607207492704676E-003
   7.1974999999999998       -2.0329788623114934E-003
   7.2450000000000001       -1.8167787476279229E-003
   7.2925000000000004       -1.6118566663401775E-003
   7.3399999999999999       -1.4179488795686822E-003
   7.3875000000000002       -1.2347916484338516E-003
   7.4350000000000005       -1.0621212340561120E-003
   7.4824999999999999       -8.9967389755588392E-004
   7.5300000000000002       -7.4718590005358476E-004
   7.5774999999999997       -6.0439350266964207E-004
   7.6250000000000000       -4.7103296652446346E-004
   7.6725000000000003       -3.4684055273848276E-004
   7.7199999999999998       -2.3155252243211696E-004
   7.7675000000000001       -1.2490513672578239E-004
   7.8150000000000004       -2.6634656739903992E-005
   7.8624999999999998        6.3522656405096001E-005
   7.9100000000000001        1.4583054158880026E-004
   7.9575000000000005        2.2055273769078573E-004
   8.0049999999999990        2.8795298359063088E-004
   8.0525000000000002        3.4829501816791968E-004
   8.0999999999999996        4.0184258030222849E-004
   8.1475000000000009        4.4885940887313524E-004
   8.1950000000000003        4.8960924276021840E-004
   8.2424999999999997        5.2435582084305998E-004
   8.2899999999999991        5.5336288200123849E-004
   8.3375000000000004        5.7689416511433344E-004
   8.3849999999999998        5.9521340906192239E-004
   8.4325000000000010        6.0858435272358635E-004
   8.4800000000000004        6.1727073497890180E-004
   8.5274999999999999        6.2153629470745094E-004
   8.5749999999999993        6.2164477078881393E-004
   8.6225000000000005        6.1785990210256464E-004
   8.6699999999999999        6.1044542752828810E-004
   8.7174999999999994        5.9966508594556066E-004
   8.7650000000000006        5.8578261623395966E-004
   8.8125000000000000        5.6906175727306841E-004
   8.8599999999999994        5.4976624794246412E-004
   8.9075000000000006        5.2815982712172446E-004
   8.9550000000000001        5.0450623369043207E-004
   9.0024999999999995        4.7906920652816343E-004
   9.0500000000000007        4.5211248451449939E-004
   9.0975000000000001        4.2389980652901831E-004
   9.1449999999999996        3.9469491145129905E-004
   9.1925000000000008        3.6476153816092155E-004
   9.2400000000000002        3.3436342553746395E-004
   9.2874999999999996        3.0376431246050732E-004
   9.3350000000000009        2.7322793780962864E-004
   9.3825000000000003        2.4301804046440901E-004
   9.4299999999999997        2.1339835930442739E-004
   9.4775000000000009        1.8463263320926180E-004
   9.5250000000000004        1.5698460105849246E-004
   9.5724999999999998        1.3071800173169873E-004
   9.6200000000000010        1.0609657410845757E-004
   9.6675000000000004        8.3384057068351523E-005
   9.7149999999999999        6.2844189490958457E-005
   9.7624999999999993        4.4740710255856870E-005
   9.8100000000000005        2.9337358242626153E-005
   9.8574999999999999        1.6897872330846163E-005
   9.9049999999999994        7.6859914000955952E-006
   9.9525000000000006        1.9654543299536895E-006
