   0.0000000000000000        24.515763952399453     
   5.0000000000000003E-002   24.064922915201876     
  0.10000000000000001        23.328055886584174     
  0.15000000000000002        22.311253567926620     
  0.20000000000000001        21.039990202694220     
  0.25000000000000000        19.547033720177268     
  0.30000000000000004        17.873017275940658     
  0.35000000000000003        16.062931801745197     
  0.40000000000000002        14.167315444560643     
  0.45000000000000001        12.234184189782322     
  0.50000000000000000        10.310926423390933     
  0.55000000000000004        8.4385244760150577     
  0.60000000000000009        6.6481253849265034     
  0.65000000000000002        4.9664532541250273     
  0.70000000000000007        3.4109123796717156     
  0.75000000000000000        1.9945414842289848     
  0.80000000000000004       0.71896858038371292     
  0.85000000000000009      -0.41623608187050909     
  0.90000000000000002       -1.4150770680869051     
  0.95000000000000007       -2.2828322401960346     
   1.0000000000000000       -3.0270265446820872     
   1.0500000000000000       -3.6554532158683362     
   1.1000000000000001       -4.1749826199644300     
   1.1500000000000001       -4.5925853543343038     
   1.2000000000000002       -4.9159967198728669     
   1.2500000000000000       -5.1531310324076411     
   1.3000000000000000       -5.3109938697861985     
   1.3500000000000001       -5.3965799126093463     
   1.4000000000000001       -5.4190296404951814     
   1.4500000000000002       -5.3870436838604370     
   1.5000000000000000       -5.3070220915595234     
   1.5500000000000000       -5.1847898665852679     
   1.6000000000000001       -5.0280209983398203     
   1.6500000000000001       -4.8438355995709692     
   1.7000000000000002       -4.6370383170832508     
   1.7500000000000000       -4.4114898331660086     
   1.8000000000000000       -4.1720390275384522     
   1.8500000000000001       -3.9228816394428940     
   1.9000000000000001       -3.6660351522058319     
   1.9500000000000002       -3.4034953095346134     
   2.0000000000000000       -3.1420376197961266     
   2.0500000000000003       -2.8881527270461951     
   2.1000000000000001       -2.6446438422365226     
   2.1499999999999999       -2.4133251013385140     
   2.2000000000000002       -2.1960182122316181     
   2.2500000000000000       -1.9944925110389093     
   2.3000000000000003       -1.8101287949634766     
   2.3500000000000001       -1.6422398685886366     
   2.4000000000000004       -1.4900309389856456     
   2.4500000000000002       -1.3524383909455735     
   2.5000000000000000       -1.2283880804742286     
   2.5500000000000003       -1.1169967848787727     
   2.6000000000000001       -1.0169630536230971     
   2.6500000000000004      -0.92705176438818870     
   2.7000000000000002      -0.84603915207482228     
   2.7500000000000000      -0.77265837811672489     
   2.8000000000000003      -0.70581333294410320     
   2.8500000000000001      -0.64492894105292176     
   2.9000000000000004      -0.58957735562934199     
   2.9500000000000002      -0.53932525492474315     
   3.0000000000000000      -0.49374781566484277     
   3.0500000000000003      -0.45241494672220695     
   3.1000000000000001      -0.41491296050384407     
   3.1500000000000004      -0.38081672184866500     
   3.2000000000000002      -0.34971233950700942     
   3.2500000000000000      -0.32119894134547566     
   3.3000000000000003      -0.29490095330733213     
   3.3500000000000001      -0.27068564529864086     
   3.4000000000000004      -0.24844089092937438     
   3.4500000000000002      -0.22809422897936316     
   3.5000000000000000      -0.20955350341219514     
   3.5500000000000003      -0.19272009703130097     
   3.6000000000000001      -0.17758582776387555     
   3.6500000000000004      -0.16410942531627784     
   3.7000000000000002      -0.15225772722706532     
   3.7500000000000000      -0.14203424492496503     
   3.8000000000000003      -0.13334852911829859     
   3.8500000000000001      -0.12596899123802471     
   3.9000000000000004      -0.11961664051402923     
   3.9500000000000002      -0.11402264401203568     
   4.0000000000000000      -0.10888919408961577     
   4.0499999999999998      -0.10399729807114824     
   4.1000000000000005       -9.9277610252493917E-002
   4.1500000000000004       -9.4732232930258078E-002
   4.2000000000000002       -9.0342178494767611E-002
   4.2500000000000000       -8.6099834950400869E-002
   4.2999999999999998       -8.1993382749446508E-002
   4.3500000000000005       -7.8013556488511021E-002
   4.4000000000000004       -7.4147995963068744E-002
   4.4500000000000002       -7.0387134507878230E-002
   4.5000000000000000       -6.6720000000000002E-002
   4.5499999999999998       -6.3140662197054859E-002
   4.6000000000000005       -5.9661137688637768E-002
   4.6500000000000004       -5.6299943863003743E-002
   4.7000000000000002       -5.3073868111325140E-002
   4.7500000000000000       -5.0000501011863818E-002
   4.8000000000000007       -4.7093009931209615E-002
   4.8500000000000005       -4.4347997016774839E-002
   4.9000000000000004       -4.1759540030723755E-002
   4.9500000000000002       -3.9319950969676415E-002
   5.0000000000000000       -3.7023018732751330E-002
   5.0500000000000007       -3.4861133785308120E-002
   5.1000000000000005       -3.2827767611047637E-002
   5.1500000000000004       -3.0919108105852758E-002
   5.2000000000000002       -2.9129926444855344E-002
   5.2500000000000000       -2.7452740941621846E-002
   5.3000000000000007       -2.5884086576253944E-002
   5.3500000000000005       -2.4416997496614825E-002
   5.4000000000000004       -2.3046495105246576E-002
   5.4500000000000002       -2.1765978524109671E-002
   5.5000000000000000       -2.0570185738913442E-002
   5.5500000000000007       -1.9453203737548375E-002
   5.6000000000000005       -1.8408453440301665E-002
   5.6500000000000004       -1.7431989392517448E-002
   5.7000000000000002       -1.6516845111938353E-002
   5.7500000000000000       -1.5657815134766908E-002
   5.8000000000000007       -1.4849433659227720E-002
   5.8500000000000005       -1.4084707651664861E-002
   5.9000000000000004       -1.3358168273851015E-002
   5.9500000000000002       -1.2665609165556823E-002
   6.0000000000000000       -1.1999861102088670E-002
   6.0500000000000007       -1.1356755906390960E-002
   6.1000000000000005       -1.0734003532518027E-002
   6.1500000000000004       -1.0132888485908844E-002
   6.2000000000000002       -9.5519718517518178E-003
   6.2500000000000000       -8.9910470781160035E-003
   6.3000000000000007       -8.4500375010998861E-003
   6.3500000000000005       -7.9284231427708702E-003
   6.4000000000000004       -7.4259231253149607E-003
   6.4500000000000002       -6.9422434810358681E-003
   6.5000000000000000       -6.4770103394751763E-003
   6.5500000000000007       -6.0298768694818910E-003
   6.6000000000000005       -5.6006164995565308E-003
   6.6500000000000004       -5.1887461177410471E-003
   6.7000000000000002       -4.7940894541732221E-003
   6.7500000000000000       -4.4161890806913061E-003
   6.8000000000000007       -4.0547421310596597E-003
   6.8500000000000005       -3.7095317263194727E-003
   6.9000000000000004       -3.3800061465802285E-003
   6.9500000000000002       -3.0660246031936535E-003
   7.0000000000000000       -2.7671593256458544E-003
   7.0500000000000007       -2.4831120736766854E-003
   7.1000000000000005       -2.2135974000676881E-003
   7.1500000000000004       -1.9582437749108917E-003
   7.2000000000000002       -1.7166782995238149E-003
   7.2500000000000000       -1.4885179364507318E-003
   7.3000000000000007       -1.2736283835191454E-003
   7.3500000000000005       -1.0714883171615355E-003
   7.4000000000000004       -8.8186771137328790E-004
   7.4500000000000002       -7.0440026838333269E-004
   7.5000000000000000       -5.3875880359673068E-004
   7.5500000000000007       -3.8460909383131685E-004
   7.6000000000000005       -2.4162177226509727E-004
   7.6500000000000004       -1.0945228919512863E-004
   7.7000000000000002        1.2200907520994624E-005
   7.7500000000000000        1.2369432765656593E-004
   7.8000000000000007        2.2534706294765187E-004
   7.8500000000000005        3.1750409122885832E-004
   7.9000000000000004        4.0048149734090230E-004
   7.9500000000000002        4.7462987273573260E-004
   8.0000000000000000        5.4026063590637127E-004
   8.0500000000000007        5.9772498851698029E-004
   8.0999999999999996        6.4734108922461452E-004
   8.1500000000000004        6.8944315916200571E-004
   8.2000000000000011        7.2437434558742712E-004
   8.2500000000000000        7.5244922119676412E-004
   8.3000000000000007        7.7401917048870196E-004
   8.3499999999999996        7.8939438520276054E-004
   8.4000000000000004        7.9892182412741406E-004
   8.4500000000000011        8.0293099633695780E-004
   8.5000000000000000        8.0174378360884204E-004
   8.5500000000000007        7.9570916140763674E-004
   8.5999999999999996        7.8515090439670041E-004
   8.6500000000000004        7.7039108978898467E-004
   8.7000000000000011        7.5177481314218550E-004
   8.7500000000000000        7.2963226586945018E-004
   8.8000000000000007        7.0428915722257316E-004
   8.8499999999999996        6.7608760803849392E-004
   8.9000000000000004        6.4534721950248639E-004
   8.9500000000000011        6.1240270039555509E-004
   9.0000000000000000        5.7760125084400644E-004
   9.0500000000000007        5.4124667034989755E-004
   9.0999999999999996        5.0369558546014019E-004
   9.1500000000000004        4.6526923137040562E-004
   9.2000000000000011        4.2630585195007568E-004
   9.2500000000000000        3.8713232538716501E-004
   9.3000000000000007        3.4807467981705473E-004
   9.3499999999999996        3.0948018075577493E-004
   9.4000000000000004        2.7166035732310303E-004
   9.4500000000000011        2.3496557933435464E-004
   9.5000000000000000        1.9971474144683961E-004
   9.5500000000000007        1.6625430865473468E-004
   9.6000000000000014        1.3490183041969380E-004
   9.6500000000000004        1.0599306379894093E-004
   9.7000000000000011        7.9862045447144490E-005
   9.7500000000000000        5.6843070202217010E-005
   9.8000000000000007        3.7264654703793757E-005
   9.8500000000000014        2.1459552291048675E-005
   9.9000000000000004        9.7586366971629171E-006
   9.9500000000000011        2.4947464838670485E-006
