   0.0000000000000000     
   1.0050251256281407E-002
   2.0100502512562814E-002
   3.0150753768844220E-002
   4.0201005025125629E-002
   5.0251256281407038E-002
   6.0301507537688440E-002
   7.0351758793969849E-002
   8.0402010050251257E-002
   9.0452261306532666E-002
  0.10050251256281408     
  0.11055276381909548     
  0.12060301507537688     
  0.13065326633165830     
  0.14070351758793970     
  0.15075376884422109     
  0.16080402010050251     
  0.17085427135678391     
  0.18090452261306533     
  0.19095477386934673     
  0.20100502512562815     
  0.21105527638190955     
  0.22110552763819097     
  0.23115577889447236     
  0.24120603015075376     
  0.25125628140703515     
  0.26130653266331660     
  0.27135678391959800     
  0.28140703517587939     
  0.29145728643216079     
  0.30150753768844218     
  0.31155778894472363     
  0.32160804020100503     
  0.33165829145728642     
  0.34170854271356782     
  0.35175879396984927     
  0.36180904522613067     
  0.37185929648241206     
  0.38190954773869346     
  0.39195979899497485     
  0.40201005025125630     
  0.41206030150753770     
  0.42211055276381909     
  0.43216080402010049     
  0.44221105527638194     
  0.45226130653266333     
  0.46231155778894473     
  0.47236180904522612     
  0.48241206030150752     
  0.49246231155778897     
  0.50251256281407031     
  0.51256281407035176     
  0.52261306532663321     
  0.53266331658291455     
  0.54271356783919600     
  0.55276381909547734     
  0.56281407035175879     
  0.57286432160804024     
  0.58291457286432158     
  0.59296482412060303     
  0.60301507537688437     
  0.61306532663316582     
  0.62311557788944727     
  0.63316582914572861     
  0.64321608040201006     
  0.65326633165829151     
  0.66331658291457285     
  0.67336683417085430     
  0.68341708542713564     
  0.69346733668341709     
  0.70351758793969854     
  0.71356783919597988     
  0.72361809045226133     
  0.73366834170854267     
  0.74371859296482412     
  0.75376884422110557     
  0.76381909547738691     
  0.77386934673366836     
  0.78391959798994970     
  0.79396984924623115     
  0.80402010050251260     
  0.81407035175879394     
  0.82412060301507539     
  0.83417085427135673     
  0.84422110552763818     
  0.85427135678391963     
  0.86432160804020097     
  0.87437185929648242     
  0.88442211055276387     
  0.89447236180904521     
  0.90452261306532666     
  0.91457286432160800     
  0.92462311557788945     
  0.93467336683417090     
  0.94472361809045224     
  0.95477386934673369     
  0.96482412060301503     
  0.97487437185929648     
  0.98492462311557794     
  0.99497487437185927     
   1.0050251256281406     
   1.0150753768844221     
   1.0251256281407035     
   1.0351758793969850     
   1.0452261306532664     
   1.0552763819095476     
   1.0653266331658291     
   1.0753768844221105     
   1.0854271356783920     
   1.0954773869346734     
   1.1055276381909547     
   1.1155778894472361     
   1.1256281407035176     
   1.1356783919597990     
   1.1457286432160805     
   1.1557788944723617     
   1.1658291457286432     
   1.1758793969849246     
   1.1859296482412061     
   1.1959798994974875     
   1.2060301507537687     
   1.2160804020100502     
   1.2261306532663316     
   1.2361809045226131     
   1.2462311557788945     
   1.2562814070351760     
   1.2663316582914572     
   1.2763819095477387     
   1.2864321608040201     
   1.2964824120603016     
   1.3065326633165830     
   1.3165829145728642     
   1.3266331658291457     
   1.3366834170854272     
   1.3467336683417086     
   1.3567839195979901     
   1.3668341708542713     
   1.3768844221105527     
   1.3869346733668342     
   1.3969849246231156     
   1.4070351758793971     
   1.4170854271356783     
   1.4271356783919598     
   1.4371859296482412     
   1.4472361809045227     
   1.4572864321608041     
   1.4673366834170853     
   1.4773869346733668     
   1.4874371859296482     
   1.4974874371859297     
   1.5075376884422111     
   1.5175879396984924     
   1.5276381909547738     
   1.5376884422110553     
   1.5477386934673367     
   1.5577889447236182     
   1.5678391959798994     
   1.5778894472361809     
   1.5879396984924623     
   1.5979899497487438     
   1.6080402010050252     
   1.6180904522613064     
   1.6281407035175879     
   1.6381909547738693     
   1.6482412060301508     
   1.6582914572864322     
   1.6683417085427135     
   1.6783919597989949     
   1.6884422110552764     
   1.6984924623115578     
   1.7085427135678393     
   1.7185929648241205     
   1.7286432160804019     
   1.7386934673366834     
   1.7487437185929648     
   1.7587939698492463     
   1.7688442211055277     
   1.7788944723618090     
   1.7889447236180904     
   1.7989949748743719     
   1.8090452261306533     
   1.8190954773869348     
   1.8291457286432160     
   1.8391959798994975     
   1.8492462311557789     
   1.8592964824120604     
   1.8693467336683418     
   1.8793969849246230     
   1.8894472361809045     
   1.8994974874371859     
   1.9095477386934674     
   1.9195979899497488     
   1.9296482412060301     
   1.9396984924623115     
   1.9497487437185930     
   1.9597989949748744     
   1.9698492462311559     
   1.9798994974874371     
   1.9899497487437185     
   2.0000000000000000     
