   0.0000000000000000     
   3.0150753768844220E-002
   6.0301507537688440E-002
   9.0452261306532666E-002
  0.12060301507537688     
  0.15075376884422109     
  0.18090452261306533     
  0.21105527638190955     
  0.24120603015075376     
  0.27135678391959800     
  0.30150753768844218     
  0.33165829145728642     
  0.36180904522613067     
  0.39195979899497485     
  0.42211055276381909     
  0.45226130653266333     
  0.48241206030150752     
  0.51256281407035176     
  0.54271356783919600     
  0.57286432160804024     
  0.60301507537688437     
  0.63316582914572861     
  0.66331658291457285     
  0.69346733668341709     
  0.72361809045226133     
  0.75376884422110557     
  0.78391959798994970     
  0.81407035175879394     
  0.84422110552763818     
  0.87437185929648242     
  0.90452261306532666     
  0.93467336683417090     
  0.96482412060301503     
  0.99497487437185927     
   1.0251256281407035     
   1.0552763819095476     
   1.0854271356783920     
   1.1155778894472361     
   1.1457286432160805     
   1.1758793969849246     
   1.2060301507537687     
   1.2361809045226131     
   1.2663316582914572     
   1.2964824120603016     
   1.3266331658291457     
   1.3567839195979901     
   1.3869346733668342     
   1.4170854271356783     
   1.4472361809045227     
   1.4773869346733668     
   1.5075376884422111     
   1.5376884422110553     
   1.5678391959798994     
   1.5979899497487438     
   1.6281407035175879     
   1.6582914572864322     
   1.6884422110552764     
   1.7185929648241205     
   1.7487437185929648     
   1.7788944723618090     
   1.8090452261306533     
   1.8391959798994975     
   1.8693467336683418     
   1.8994974874371859     
   1.9296482412060301     
   1.9597989949748744     
   1.9899497487437185     
   2.0201005025125629     
   2.0502512562814070     
   2.0804020100502512     
   2.1105527638190953     
   2.1407035175879399     
   2.1708542713567840     
   2.2010050251256281     
   2.2311557788944723     
   2.2613065326633164     
   2.2914572864321610     
   2.3216080402010051     
   2.3517587939698492     
   2.3819095477386933     
   2.4120603015075375     
   2.4422110552763820     
   2.4723618090452262     
   2.5025125628140703     
   2.5326633165829144     
   2.5628140703517590     
   2.5929648241206031     
   2.6231155778894473     
   2.6532663316582914     
   2.6834170854271355     
   2.7135678391959801     
   2.7437185929648242     
   2.7738693467336684     
   2.8040201005025125     
   2.8341708542713566     
   2.8643216080402012     
   2.8944723618090453     
   2.9246231155778895     
   2.9547738693467336     
   2.9849246231155777     
   3.0150753768844223     
   3.0452261306532664     
   3.0753768844221105     
   3.1055276381909547     
   3.1356783919597988     
   3.1658291457286434     
   3.1959798994974875     
   3.2261306532663316     
   3.2562814070351758     
   3.2864321608040199     
   3.3165829145728645     
   3.3467336683417086     
   3.3768844221105527     
   3.4070351758793969     
   3.4371859296482410     
   3.4673366834170856     
   3.4974874371859297     
   3.5276381909547738     
   3.5577889447236180     
   3.5879396984924625     
   3.6180904522613067     
   3.6482412060301508     
   3.6783919597989949     
   3.7085427135678390     
   3.7386934673366836     
   3.7688442211055277     
   3.7989949748743719     
   3.8291457286432160     
   3.8592964824120601     
   3.8894472361809047     
   3.9195979899497488     
   3.9497487437185930     
   3.9798994974874371     
   4.0100502512562812     
   4.0402010050251258     
   4.0703517587939695     
   4.1005025125628141     
   4.1306532663316586     
   4.1608040201005023     
   4.1909547738693469     
   4.2211055276381906     
   4.2512562814070352     
   4.2814070351758797     
   4.3115577889447234     
   4.3417085427135680     
   4.3718592964824117     
   4.4020100502512562     
   4.4321608040201008     
   4.4623115577889445     
   4.4924623115577891     
   4.5226130653266328     
   4.5527638190954773     
   4.5829145728643219     
   4.6130653266331656     
   4.6432160804020102     
   4.6733668341708539     
   4.7035175879396984     
   4.7336683417085430     
   4.7638190954773867     
   4.7939698492462313     
   4.8241206030150749     
   4.8542713567839195     
   4.8844221105527641     
   4.9145728643216078     
   4.9447236180904524     
   4.9748743718592960     
   5.0050251256281406     
   5.0351758793969852     
   5.0653266331658289     
   5.0954773869346734     
   5.1256281407035180     
   5.1557788944723617     
   5.1859296482412063     
   5.2160804020100500     
   5.2462311557788945     
   5.2763819095477391     
   5.3065326633165828     
   5.3366834170854274     
   5.3668341708542711     
   5.3969849246231156     
   5.4271356783919602     
   5.4572864321608039     
   5.4874371859296485     
   5.5175879396984921     
   5.5477386934673367     
   5.5778894472361813     
   5.6080402010050250     
   5.6381909547738696     
   5.6683417085427132     
   5.6984924623115578     
   5.7286432160804024     
   5.7587939698492461     
   5.7889447236180906     
   5.8190954773869343     
   5.8492462311557789     
   5.8793969849246235     
   5.9095477386934672     
   5.9396984924623117     
   5.9698492462311554     
   6.0000000000000000     
