   0.0000000000000000     
   2.5125628140703519E-002
   5.0251256281407038E-002
   7.5376884422110546E-002
  0.10050251256281408     
  0.12562814070351758     
  0.15075376884422109     
  0.17587939698492464     
  0.20100502512562815     
  0.22613065326633167     
  0.25125628140703515     
  0.27638190954773867     
  0.30150753768844218     
  0.32663316582914576     
  0.35175879396984927     
  0.37688442211055279     
  0.40201005025125630     
  0.42713567839195982     
  0.45226130653266333     
  0.47738693467336685     
  0.50251256281407031     
  0.52763819095477382     
  0.55276381909547734     
  0.57788944723618085     
  0.60301507537688437     
  0.62814070351758799     
  0.65326633165829151     
  0.67839195979899503     
  0.70351758793969854     
  0.72864321608040206     
  0.75376884422110557     
  0.77889447236180909     
  0.80402010050251260     
  0.82914572864321612     
  0.85427135678391963     
  0.87939698492462315     
  0.90452261306532666     
  0.92964824120603018     
  0.95477386934673369     
  0.97989949748743721     
   1.0050251256281406     
   1.0301507537688441     
   1.0552763819095476     
   1.0804020100502512     
   1.1055276381909547     
   1.1306532663316582     
   1.1557788944723617     
   1.1809045226130652     
   1.2060301507537687     
   1.2311557788944723     
   1.2562814070351760     
   1.2814070351758795     
   1.3065326633165830     
   1.3316582914572865     
   1.3567839195979901     
   1.3819095477386936     
   1.4070351758793971     
   1.4321608040201006     
   1.4572864321608041     
   1.4824120603015076     
   1.5075376884422111     
   1.5326633165829147     
   1.5577889447236182     
   1.5829145728643217     
   1.6080402010050252     
   1.6331658291457287     
   1.6582914572864322     
   1.6834170854271358     
   1.7085427135678393     
   1.7336683417085428     
   1.7587939698492463     
   1.7839195979899498     
   1.8090452261306533     
   1.8341708542713568     
   1.8592964824120604     
   1.8844221105527639     
   1.9095477386934674     
   1.9346733668341709     
   1.9597989949748744     
   1.9849246231155779     
   2.0100502512562812     
   2.0351758793969847     
   2.0603015075376883     
   2.0854271356783918     
   2.1105527638190953     
   2.1356783919597988     
   2.1608040201005023     
   2.1859296482412058     
   2.2110552763819094     
   2.2361809045226129     
   2.2613065326633164     
   2.2864321608040199     
   2.3115577889447234     
   2.3366834170854269     
   2.3618090452261304     
   2.3869346733668340     
   2.4120603015075375     
   2.4371859296482410     
   2.4623115577889445     
   2.4874371859296480     
   2.5125628140703520     
   2.5376884422110555     
   2.5628140703517590     
   2.5879396984924625     
   2.6130653266331660     
   2.6381909547738696     
   2.6633165829145731     
   2.6884422110552766     
   2.7135678391959801     
   2.7386934673366836     
   2.7638190954773871     
   2.7889447236180906     
   2.8140703517587942     
   2.8391959798994977     
   2.8643216080402012     
   2.8894472361809047     
   2.9145728643216082     
   2.9396984924623117     
   2.9648241206030153     
   2.9899497487437188     
   3.0150753768844223     
   3.0402010050251258     
   3.0653266331658293     
   3.0904522613065328     
   3.1155778894472363     
   3.1407035175879399     
   3.1658291457286434     
   3.1909547738693469     
   3.2160804020100504     
   3.2412060301507539     
   3.2663316582914574     
   3.2914572864321610     
   3.3165829145728645     
   3.3417085427135680     
   3.3668341708542715     
   3.3919597989949750     
   3.4170854271356785     
   3.4422110552763820     
   3.4673366834170856     
   3.4924623115577891     
   3.5175879396984926     
   3.5427135678391961     
   3.5678391959798996     
   3.5929648241206031     
   3.6180904522613067     
   3.6432160804020102     
   3.6683417085427137     
   3.6934673366834172     
   3.7185929648241207     
   3.7437185929648242     
   3.7688442211055277     
   3.7939698492462313     
   3.8190954773869348     
   3.8442211055276383     
   3.8693467336683418     
   3.8944723618090453     
   3.9195979899497488     
   3.9447236180904524     
   3.9698492462311559     
   3.9949748743718594     
   4.0201005025125625     
   4.0452261306532664     
   4.0703517587939695     
   4.0954773869346734     
   4.1206030150753765     
   4.1457286432160805     
   4.1708542713567835     
   4.1959798994974875     
   4.2211055276381906     
   4.2462311557788945     
   4.2713567839195976     
   4.2964824120603016     
   4.3216080402010046     
   4.3467336683417086     
   4.3718592964824117     
   4.3969849246231156     
   4.4221105527638187     
   4.4472361809045227     
   4.4723618090452257     
   4.4974874371859297     
   4.5226130653266328     
   4.5477386934673367     
   4.5728643216080398     
   4.5979899497487438     
   4.6231155778894468     
   4.6482412060301508     
   4.6733668341708539     
   4.6984924623115578     
   4.7236180904522609     
   4.7487437185929648     
   4.7738693467336679     
   4.7989949748743719     
   4.8241206030150749     
   4.8492462311557789     
   4.8743718592964820     
   4.8994974874371859     
   4.9246231155778890     
   4.9497487437185930     
   4.9748743718592960     
   5.0000000000000000     
