  0.50000000000000000     
  0.54773869346733672     
  0.59547738693467334     
  0.64321608040201006     
  0.69095477386934667     
  0.73869346733668340     
  0.78643216080402012     
  0.83417085427135684     
  0.88190954773869346     
  0.92964824120603007     
  0.97738693467336679     
   1.0251256281407035     
   1.0728643216080402     
   1.1206030150753770     
   1.1683417085427137     
   1.2160804020100504     
   1.2638190954773869     
   1.3115577889447236     
   1.3592964824120601     
   1.4070351758793969     
   1.4547738693467336     
   1.5025125628140703     
   1.5502512562814070     
   1.5979899497487438     
   1.6457286432160805     
   1.6934673366834170     
   1.7412060301507537     
   1.7889447236180904     
   1.8366834170854272     
   1.8844221105527639     
   1.9321608040201006     
   1.9798994974874371     
   2.0276381909547738     
   2.0753768844221105     
   2.1231155778894473     
   2.1708542713567840     
   2.2185929648241203     
   2.2663316582914570     
   2.3140703517587937     
   2.3618090452261304     
   2.4095477386934672     
   2.4572864321608039     
   2.5050251256281406     
   2.5527638190954773     
   2.6005025125628141     
   2.6482412060301508     
   2.6959798994974875     
   2.7437185929648242     
   2.7914572864321610     
   2.8391959798994977     
   2.8869346733668340     
   2.9346733668341707     
   2.9824120603015074     
   3.0301507537688441     
   3.0778894472361809     
   3.1256281407035176     
   3.1733668341708543     
   3.2211055276381910     
   3.2688442211055277     
   3.3165829145728645     
   3.3643216080402012     
   3.4120603015075375     
   3.4597989949748742     
   3.5075376884422109     
   3.5552763819095476     
   3.6030150753768844     
   3.6507537688442211     
   3.6984924623115578     
   3.7462311557788945     
   3.7939698492462313     
   3.8417085427135680     
   3.8894472361809047     
   3.9371859296482410     
   3.9849246231155777     
   4.0326633165829140     
   4.0804020100502516     
   4.1281407035175874     
   4.1758793969849251     
   4.2236180904522609     
   4.2713567839195985     
   4.3190954773869343     
   4.3668341708542719     
   4.4145728643216078     
   4.4623115577889445     
   4.5100502512562812     
   4.5577889447236180     
   4.6055276381909547     
   4.6532663316582914     
   4.7010050251256281     
   4.7487437185929648     
   4.7964824120603016     
   4.8442211055276383     
   4.8919597989949750     
   4.9396984924623117     
   4.9874371859296485     
   5.0351758793969852     
   5.0829145728643219     
   5.1306532663316586     
   5.1783919597989954     
   5.2261306532663321     
   5.2738693467336679     
   5.3216080402010046     
   5.3693467336683414     
   5.4170854271356781     
   5.4648241206030148     
   5.5125628140703515     
   5.5603015075376883     
   5.6080402010050250     
   5.6557788944723617     
   5.7035175879396984     
   5.7512562814070352     
   5.7989949748743719     
   5.8467336683417086     
   5.8944723618090453     
   5.9422110552763820     
   5.9899497487437188     
   6.0376884422110555     
   6.0854271356783922     
   6.1331658291457289     
   6.1809045226130657     
   6.2286432160804024     
   6.2763819095477391     
   6.3241206030150749     
   6.3718592964824117     
   6.4195979899497484     
   6.4673366834170851     
   6.5150753768844218     
   6.5628140703517586     
   6.6105527638190953     
   6.6582914572864320     
   6.7060301507537687     
   6.7537688442211055     
   6.8015075376884422     
   6.8492462311557789     
   6.8969849246231156     
   6.9447236180904524     
   6.9924623115577891     
   7.0402010050251258     
   7.0879396984924625     
   7.1356783919597992     
   7.1834170854271360     
   7.2311557788944727     
   7.2788944723618094     
   7.3266331658291461     
   7.3743718592964820     
   7.4221105527638187     
   7.4698492462311554     
   7.5175879396984921     
   7.5653266331658289     
   7.6130653266331656     
   7.6608040201005023     
   7.7085427135678390     
   7.7562814070351758     
   7.8040201005025125     
   7.8517587939698492     
   7.8994974874371859     
   7.9472361809045227     
   7.9949748743718594     
   8.0427135678391970     
   8.0904522613065328     
   8.1381909547738687     
   8.1859296482412063     
   8.2336683417085439     
   8.2814070351758797     
   8.3291457286432156     
   8.3768844221105532     
   8.4246231155778890     
   8.4723618090452248     
   8.5201005025125625     
   8.5678391959799001     
   8.6155778894472359     
   8.6633165829145735     
   8.7110552763819094     
   8.7587939698492470     
   8.8065326633165828     
   8.8542713567839204     
   8.9020100502512562     
   8.9497487437185921     
   8.9974874371859297     
   9.0452261306532655     
   9.0929648241206031     
   9.1407035175879390     
   9.1884422110552766     
   9.2361809045226124     
   9.2839195979899500     
   9.3316582914572859     
   9.3793969849246235     
   9.4271356783919593     
   9.4748743718592969     
   9.5226130653266328     
   9.5703517587939704     
   9.6180904522613062     
   9.6658291457286438     
   9.7135678391959797     
   9.7613065326633173     
   9.8090452261306531     
   9.8567839195979907     
   9.9045226130653266     
   9.9522613065326642     
   10.000000000000000     
