   0.0000000000000000     
   5.0251256281407038E-002
  0.10050251256281408     
  0.15075376884422109     
  0.20100502512562815     
  0.25125628140703515     
  0.30150753768844218     
  0.35175879396984927     
  0.40201005025125630     
  0.45226130653266333     
  0.50251256281407031     
  0.55276381909547734     
  0.60301507537688437     
  0.65326633165829151     
  0.70351758793969854     
  0.75376884422110557     
  0.80402010050251260     
  0.85427135678391963     
  0.90452261306532666     
  0.95477386934673369     
   1.0050251256281406     
   1.0552763819095476     
   1.1055276381909547     
   1.1557788944723617     
   1.2060301507537687     
   1.2562814070351760     
   1.3065326633165830     
   1.3567839195979901     
   1.4070351758793971     
   1.4572864321608041     
   1.5075376884422111     
   1.5577889447236182     
   1.6080402010050252     
   1.6582914572864322     
   1.7085427135678393     
   1.7587939698492463     
   1.8090452261306533     
   1.8592964824120604     
   1.9095477386934674     
   1.9597989949748744     
   2.0100502512562812     
   2.0603015075376883     
   2.1105527638190953     
   2.1608040201005023     
   2.2110552763819094     
   2.2613065326633164     
   2.3115577889447234     
   2.3618090452261304     
   2.4120603015075375     
   2.4623115577889445     
   2.5125628140703520     
   2.5628140703517590     
   2.6130653266331660     
   2.6633165829145731     
   2.7135678391959801     
   2.7638190954773871     
   2.8140703517587942     
   2.8643216080402012     
   2.9145728643216082     
   2.9648241206030153     
   3.0150753768844223     
   3.0653266331658293     
   3.1155778894472363     
   3.1658291457286434     
   3.2160804020100504     
   3.2663316582914574     
   3.3165829145728645     
   3.3668341708542715     
   3.4170854271356785     
   3.4673366834170856     
   3.5175879396984926     
   3.5678391959798996     
   3.6180904522613067     
   3.6683417085427137     
   3.7185929648241207     
   3.7688442211055277     
   3.8190954773869348     
   3.8693467336683418     
   3.9195979899497488     
   3.9698492462311559     
   4.0201005025125625     
   4.0703517587939695     
   4.1206030150753765     
   4.1708542713567835     
   4.2211055276381906     
   4.2713567839195976     
   4.3216080402010046     
   4.3718592964824117     
   4.4221105527638187     
   4.4723618090452257     
   4.5226130653266328     
   4.5728643216080398     
   4.6231155778894468     
   4.6733668341708539     
   4.7236180904522609     
   4.7738693467336679     
   4.8241206030150749     
   4.8743718592964820     
   4.9246231155778890     
   4.9748743718592960     
   5.0251256281407040     
   5.0753768844221110     
   5.1256281407035180     
   5.1758793969849251     
   5.2261306532663321     
   5.2763819095477391     
   5.3266331658291461     
   5.3768844221105532     
   5.4271356783919602     
   5.4773869346733672     
   5.5276381909547743     
   5.5778894472361813     
   5.6281407035175883     
   5.6783919597989954     
   5.7286432160804024     
   5.7788944723618094     
   5.8291457286432165     
   5.8793969849246235     
   5.9296482412060305     
   5.9798994974874375     
   6.0301507537688446     
   6.0804020100502516     
   6.1306532663316586     
   6.1809045226130657     
   6.2311557788944727     
   6.2814070351758797     
   6.3316582914572868     
   6.3819095477386938     
   6.4321608040201008     
   6.4824120603015079     
   6.5326633165829149     
   6.5829145728643219     
   6.6331658291457289     
   6.6834170854271360     
   6.7336683417085430     
   6.7839195979899500     
   6.8341708542713571     
   6.8844221105527641     
   6.9346733668341711     
   6.9849246231155782     
   7.0351758793969852     
   7.0854271356783922     
   7.1356783919597992     
   7.1859296482412063     
   7.2361809045226133     
   7.2864321608040203     
   7.3366834170854274     
   7.3869346733668344     
   7.4371859296482414     
   7.4874371859296485     
   7.5376884422110555     
   7.5879396984924625     
   7.6381909547738696     
   7.6884422110552766     
   7.7386934673366836     
   7.7889447236180906     
   7.8391959798994977     
   7.8894472361809047     
   7.9396984924623117     
   7.9899497487437188     
   8.0402010050251249     
   8.0904522613065328     
   8.1407035175879390     
   8.1909547738693469     
   8.2412060301507530     
   8.2914572864321610     
   8.3417085427135671     
   8.3919597989949750     
   8.4422110552763812     
   8.4924623115577891     
   8.5427135678391952     
   8.5929648241206031     
   8.6432160804020093     
   8.6934673366834172     
   8.7437185929648233     
   8.7939698492462313     
   8.8442211055276374     
   8.8944723618090453     
   8.9447236180904515     
   8.9949748743718594     
   9.0452261306532655     
   9.0954773869346734     
   9.1457286432160796     
   9.1959798994974875     
   9.2462311557788937     
   9.2964824120603016     
   9.3467336683417077     
   9.3969849246231156     
   9.4472361809045218     
   9.4974874371859297     
   9.5477386934673358     
   9.5979899497487438     
   9.6482412060301499     
   9.6984924623115578     
   9.7487437185929640     
   9.7989949748743719     
   9.8492462311557780     
   9.8994974874371859     
   9.9497487437185921     
   10.000000000000000     
