  0.50000000000000000     
  0.53177257525083610     
  0.56354515050167220     
  0.59531772575250841     
  0.62709030100334451     
  0.65886287625418061     
  0.69063545150501671     
  0.72240802675585281     
  0.75418060200668902     
  0.78595317725752500     
  0.81772575250836121     
  0.84949832775919731     
  0.88127090301003341     
  0.91304347826086962     
  0.94481605351170561     
  0.97658862876254182     
   1.0083612040133780     
   1.0401337792642140     
   1.0719063545150500     
   1.1036789297658864     
   1.1354515050167224     
   1.1672240802675584     
   1.1989966555183946     
   1.2307692307692308     
   1.2625418060200668     
   1.2943143812709030     
   1.3260869565217392     
   1.3578595317725752     
   1.3896321070234112     
   1.4214046822742477     
   1.4531772575250836     
   1.4849498327759196     
   1.5167224080267558     
   1.5484949832775921     
   1.5802675585284280     
   1.6120401337792643     
   1.6438127090301002     
   1.6755852842809364     
   1.7073578595317727     
   1.7391304347826086     
   1.7709030100334449     
   1.8026755852842808     
   1.8344481605351171     
   1.8662207357859533     
   1.8979933110367893     
   1.9297658862876255     
   1.9615384615384615     
   1.9933110367892977     
   2.0250836120401337     
   2.0568561872909701     
   2.0886287625418061     
   2.1204013377926421     
   2.1521739130434785     
   2.1839464882943145     
   2.2157190635451505     
   2.2474916387959869     
   2.2792642140468224     
   2.3110367892976589     
   2.3428093645484953     
   2.3745819397993309     
   2.4063545150501673     
   2.4381270903010033     
   2.4698996655518393     
   2.5016722408026757     
   2.5334448160535117     
   2.5652173913043477     
   2.5969899665551841     
   2.6287625418060201     
   2.6605351170568561     
   2.6923076923076925     
   2.7240802675585285     
   2.7558528428093645     
   2.7876254180602005     
   2.8193979933110369     
   2.8511705685618729     
   2.8829431438127089     
   2.9147157190635453     
   2.9464882943143813     
   2.9782608695652173     
   3.0100334448160537     
   3.0418060200668897     
   3.0735785953177257     
   3.1053511705685617     
   3.1371237458193981     
   3.1688963210702341     
   3.2006688963210701     
   3.2324414715719065     
   3.2642140468227425     
   3.2959866220735785     
   3.3277591973244145     
   3.3595317725752509     
   3.3913043478260869     
   3.4230769230769229     
   3.4548494983277593     
   3.4866220735785953     
   3.5183946488294313     
   3.5501672240802677     
   3.5819397993311037     
   3.6137123745819397     
   3.6454849498327757     
   3.6772575250836121     
   3.7090301003344481     
   3.7408026755852841     
   3.7725752508361206     
   3.8043478260869565     
   3.8361204013377925     
   3.8678929765886290     
   3.8996655518394649     
   3.9314381270903009     
   3.9632107023411369     
   3.9949832775919734     
   4.0267558528428093     
   4.0585284280936449     
   4.0903010033444822     
   4.1220735785953178     
   4.1538461538461533     
   4.1856187290969906     
   4.2173913043478262     
   4.2491638795986617     
   4.2809364548494981     
   4.3127090301003346     
   4.3444816053511701     
   4.3762541806020065     
   4.4080267558528430     
   4.4397993311036785     
   4.4715719063545150     
   4.5033444816053514     
   4.5351170568561869     
   4.5668896321070234     
   4.5986622073578598     
   4.6304347826086953     
   4.6622073578595318     
   4.6939799331103682     
   4.7257525083612038     
   4.7575250836120402     
   4.7892976588628766     
   4.8210702341137122     
   4.8528428093645486     
   4.8846153846153850     
   4.9163879598662206     
   4.9481605351170570     
   4.9799331103678925     
   5.0117056856187290     
   5.0434782608695654     
   5.0752508361204010     
   5.1070234113712374     
   5.1387959866220738     
   5.1705685618729094     
   5.2023411371237458     
   5.2341137123745822     
   5.2658862876254178     
   5.2976588628762542     
   5.3294314381270906     
   5.3612040133779262     
   5.3929765886287626     
   5.4247491638795990     
   5.4565217391304346     
   5.4882943143812710     
   5.5200668896321075     
   5.5518394648829430     
   5.5836120401337794     
   5.6153846153846150     
   5.6471571906354514     
   5.6789297658862878     
   5.7107023411371234     
   5.7424749163879598     
   5.7742474916387962     
   5.8060200668896318     
   5.8377926421404682     
   5.8695652173913047     
   5.9013377926421402     
   5.9331103678929766     
   5.9648829431438131     
   5.9966555183946486     
   6.0284280936454850     
   6.0602006688963215     
   6.0919732441471570     
   6.1237458193979935     
   6.1555183946488290     
   6.1872909698996654     
   6.2190635451505019     
   6.2508361204013374     
   6.2826086956521738     
   6.3143812709030103     
   6.3461538461538458     
   6.3779264214046822     
   6.4096989966555187     
   6.4414715719063542     
   6.4732441471571907     
   6.5050167224080271     
   6.5367892976588626     
   6.5685618729096991     
   6.6003344481605355     
   6.6321070234113710     
   6.6638795986622075     
   6.6956521739130439     
   6.7274247491638794     
   6.7591973244147159     
   6.7909698996655514     
   6.8227424749163879     
   6.8545150501672243     
   6.8862876254180598     
   6.9180602006688963     
   6.9498327759197327     
   6.9816053511705682     
   7.0133779264214047     
   7.0451505016722411     
   7.0769230769230766     
   7.1086956521739131     
   7.1404682274247495     
   7.1722408026755851     
   7.2040133779264215     
   7.2357859531772579     
   7.2675585284280935     
   7.2993311036789299     
   7.3311036789297654     
   7.3628762541806019     
   7.3946488294314383     
   7.4264214046822739     
   7.4581939799331103     
   7.4899665551839467     
   7.5217391304347823     
   7.5535117056856187     
   7.5852842809364551     
   7.6170568561872907     
   7.6488294314381271     
   7.6806020066889635     
   7.7123745819397991     
   7.7441471571906355     
   7.7759197324414719     
   7.8076923076923075     
   7.8394648829431439     
   7.8712374581939804     
   7.9030100334448159     
   7.9347826086956523     
   7.9665551839464879     
   7.9983277591973243     
   8.0301003344481607     
   8.0618729096989963     
   8.0936454849498318     
   8.1254180602006691     
   8.1571906354515047     
   8.1889632107023402     
   8.2207357859531776     
   8.2525083612040131     
   8.2842809364548486     
   8.3160535117056860     
   8.3478260869565215     
   8.3795986622073571     
   8.4113712374581944     
   8.4431438127090299     
   8.4749163879598655     
   8.5066889632107028     
   8.5384615384615383     
   8.5702341137123739     
   8.6020066889632112     
   8.6337792642140467     
   8.6655518394648823     
   8.6973244147157196     
   8.7290969899665551     
   8.7608695652173907     
   8.7926421404682280     
   8.8244147157190636     
   8.8561872909698991     
   8.8879598662207364     
   8.9197324414715720     
   8.9515050167224075     
   8.9832775919732448     
   9.0150501672240804     
   9.0468227424749159     
   9.0785953177257532     
   9.1103678929765888     
   9.1421404682274243     
   9.1739130434782616     
   9.2056856187290972     
   9.2374581939799327     
   9.2692307692307701     
   9.3010033444816056     
   9.3327759197324411     
   9.3645484949832785     
   9.3963210702341140     
   9.4280936454849495     
   9.4598662207357851     
   9.4916387959866224     
   9.5234113712374580     
   9.5551839464882935     
   9.5869565217391308     
   9.6187290969899664     
   9.6505016722408019     
   9.6822742474916392     
   9.7140468227424748     
   9.7458193979933103     
   9.7775919732441476     
   9.8093645484949832     
   9.8411371237458187     
   9.8729096989966560     
   9.9046822742474916     
   9.9364548494983271     
   9.9682274247491645     
   10.000000000000000     
