0.5
0.5475
0.595
0.6425000000000001
0.69
0.7375
0.785
0.8325
0.88
0.9275
0.975
1.0225
1.07
1.1175000000000002
1.165
1.2125
1.26
1.3075
1.355
1.4024999999999999
1.45
1.4975
1.545
1.5925
1.6400000000000001
1.6875
1.735
1.7825
1.83
1.8775
1.925
1.9725
2.02
2.0675
2.115
2.1625
2.21
2.2575000000000003
2.3049999999999997
2.3525
2.4
2.4475
2.495
2.5425
2.59
2.6375
2.685
2.7325
2.7800000000000002
2.8275
2.875
2.9225
2.97
3.0175
3.065
3.1125
3.16
3.2075
3.255
3.3025
3.35
3.3975
3.445
3.4925
3.54
3.5875
3.6350000000000002
3.6825
3.73
3.7775
3.825
3.8725
3.92
3.9675000000000002
4.015000000000001
4.0625
4.109999999999999
4.157500000000001
4.205
4.2524999999999995
4.3
4.3475
4.395
4.4425
4.49
4.5375
4.585
4.6325
4.68
4.7275
4.775
4.8225
4.87
4.9175
4.965
5.0125
5.0600000000000005
5.1075
5.155
5.2025
5.25
5.2975
5.345
5.3925
5.44
5.4875
5.535
5.5825000000000005
5.63
5.6775
5.725
5.7725
5.82
5.8675
5.915
5.9625
6.01
6.0575
6.105
6.1525
6.2
6.2475000000000005
6.295
6.3425
6.39
6.4375
6.485
6.5325
6.58
6.6275
6.675
6.7225
6.7700000000000005
6.8175
6.865
6.9125
6.96
7.0075
7.055
7.1025
7.15
7.1975
7.245
7.2925
7.34
7.3875
7.4350000000000005
7.4825
7.53
7.5775
7.625
7.6725
7.72
7.7675
7.815
7.8625
7.91
7.9575000000000005
8.004999999999999
8.0525
8.1
8.1475
8.195
8.2425
8.29
8.3375
8.385
8.432500000000001
8.48
8.5275
8.575
8.6225
8.67
8.7175
8.765
8.8125
8.86
8.9075
8.955
9.0025
9.05
9.0975
9.145
9.1925
9.24
9.2875
9.335
9.3825
9.43
9.477500000000001
9.525
9.5725
9.620000000000001
9.6675
9.715
9.7625
9.81
9.8575
9.905
9.9525
