0.0
0.03
0.06
0.09
0.12
0.15
0.18
0.21
0.24
0.27
0.3
0.32999999999999996
0.36
0.39
0.42
0.44999999999999996
0.48
0.51
0.54
0.57
0.6
0.63
0.6599999999999999
0.69
0.72
0.75
0.78
0.8099999999999999
0.84
0.87
0.8999999999999999
0.9299999999999999
0.96
0.99
1.02
1.05
1.08
1.1099999999999999
1.14
1.17
1.2
1.23
1.26
1.29
1.3199999999999998
1.3499999999999999
1.38
1.41
1.44
1.47
1.5
1.53
1.56
1.5899999999999999
1.6199999999999999
1.65
1.68
1.71
1.74
1.77
1.7999999999999998
1.8299999999999998
1.8599999999999999
1.89
1.92
1.95
1.98
2.01
2.04
2.07
2.1
2.13
2.16
2.19
2.2199999999999998
2.25
2.28
2.31
2.34
2.37
2.4
2.4299999999999997
2.46
2.4899999999999998
2.52
2.55
2.58
2.61
2.6399999999999997
2.67
2.6999999999999997
2.73
2.76
2.79
2.82
2.85
2.88
2.9099999999999997
2.94
2.9699999999999998
3.0
3.03
3.06
3.09
3.12
3.15
3.1799999999999997
3.21
3.2399999999999998
3.27
3.3
3.33
3.36
3.3899999999999997
3.42
3.4499999999999997
3.48
3.51
3.54
3.57
3.5999999999999996
3.63
3.6599999999999997
3.69
3.7199999999999998
3.75
3.78
3.81
3.84
3.8699999999999997
3.9
3.9299999999999997
3.96
3.9899999999999998
4.02
4.05
4.08
4.109999999999999
4.14
4.17
4.2
4.2299999999999995
4.26
4.29
4.32
4.35
4.38
4.41
4.4399999999999995
4.47
4.5
4.53
4.56
4.59
4.62
4.6499999999999995
4.68
4.71
4.74
4.77
4.8
4.83
4.859999999999999
4.89
4.92
4.95
4.9799999999999995
5.01
5.04
5.069999999999999
5.1
5.13
5.16
5.1899999999999995
5.22
5.25
5.279999999999999
5.31
5.34
5.37
5.3999999999999995
5.43
5.46
5.49
5.52
5.55
5.58
5.609999999999999
5.64
5.67
5.7
5.7299999999999995
5.76
5.79
5.819999999999999
5.85
5.88
5.91
5.9399999999999995
5.97
