0.5
0.5316666666666666
0.5633333333333334
0.595
0.6266666666666667
0.6583333333333333
0.69
0.7216666666666667
0.7533333333333334
0.785
0.8166666666666667
0.8483333333333334
0.88
0.9116666666666666
0.9433333333333334
0.9750000000000001
1.0066666666666668
1.0383333333333333
1.07
1.1016666666666666
1.1333333333333333
1.165
1.1966666666666668
1.2283333333333335
1.26
1.2916666666666667
1.3233333333333333
1.355
1.3866666666666667
1.4183333333333334
1.4500000000000002
1.481666666666667
1.5133333333333334
1.5450000000000002
1.5766666666666667
1.6083333333333334
1.6400000000000001
1.6716666666666669
1.7033333333333334
1.735
1.7666666666666668
1.7983333333333333
1.83
1.8616666666666668
1.8933333333333335
1.925
1.9566666666666668
1.9883333333333335
2.02
2.0516666666666667
2.0833333333333335
2.115
2.1466666666666665
2.1783333333333337
2.21
2.241666666666667
2.2733333333333334
2.305
2.336666666666667
2.368333333333333
2.4000000000000004
2.4316666666666666
2.463333333333334
2.495
2.526666666666667
2.5583333333333336
2.5900000000000003
2.621666666666667
2.6533333333333333
2.685
2.716666666666667
2.7483333333333335
2.7800000000000002
2.811666666666667
2.8433333333333337
2.875
2.9066666666666667
2.9383333333333335
2.97
3.001666666666667
3.0333333333333337
3.0650000000000004
3.0966666666666667
3.1283333333333334
3.16
3.191666666666667
3.2233333333333336
3.2550000000000003
3.286666666666667
3.3183333333333334
3.35
3.381666666666667
3.4133333333333336
3.4450000000000003
3.476666666666667
3.5083333333333337
3.54
3.5716666666666668
3.6033333333333335
3.6350000000000002
3.666666666666667
3.6983333333333337
3.7300000000000004
3.761666666666667
3.7933333333333334
3.825
3.856666666666667
3.8883333333333336
3.9200000000000004
3.951666666666667
3.983333333333334
4.015000000000001
4.046666666666667
4.078333333333333
4.11
4.1416666666666675
4.173333333333334
4.205
4.236666666666666
4.2683333333333335
4.300000000000001
4.331666666666667
4.363333333333333
4.3950000000000005
4.426666666666668
4.458333333333334
4.49
4.521666666666667
4.553333333333334
4.585
4.616666666666667
4.648333333333333
4.680000000000001
4.711666666666667
4.743333333333334
4.775
4.806666666666667
4.838333333333334
4.87
4.901666666666667
4.933333333333334
4.965000000000001
4.996666666666667
5.028333333333333
5.0600000000000005
5.091666666666667
5.123333333333334
5.155
5.186666666666667
5.218333333333334
5.25
5.281666666666667
5.3133333333333335
5.345000000000001
5.376666666666667
5.408333333333334
5.44
5.471666666666667
5.503333333333334
5.535
5.566666666666667
5.598333333333334
5.630000000000001
5.661666666666667
5.693333333333333
5.7250000000000005
5.756666666666667
5.788333333333334
5.82
5.8516666666666675
5.883333333333334
5.915
5.946666666666667
5.9783333333333335
6.010000000000001
6.041666666666667
6.073333333333334
6.105
6.136666666666667
6.168333333333334
6.2
6.231666666666667
6.263333333333334
6.295000000000001
6.326666666666667
6.358333333333333
6.390000000000001
6.421666666666667
6.453333333333334
6.485
6.5166666666666675
6.548333333333334
6.58
6.611666666666667
6.6433333333333335
6.675000000000001
6.706666666666667
6.738333333333334
6.7700000000000005
6.801666666666668
6.833333333333334
6.865
6.896666666666667
6.928333333333334
6.960000000000001
6.991666666666667
