   5.0000000000000000       -3.7022854569969545E-002
   5.0250000000000004       -3.5930846906277243E-002
   5.0499999999999998       -3.4868035229623028E-002
   5.0750000000000002       -3.3836034303670194E-002
   5.0999999999999996       -3.2837937045524790E-002
   5.1250000000000000       -3.1868184530569832E-002
   5.1500000000000004       -3.0927122079783251E-002
   5.1749999999999998       -3.0014449587742516E-002
   5.2000000000000002       -2.9133325015293157E-002
   5.2249999999999996       -2.8280480232093431E-002
   5.2500000000000000       -2.7452761145645717E-002
   5.2750000000000004       -2.6653453856953283E-002
   5.2999999999999998       -2.5881889541681760E-002
   5.3250000000000002       -2.5136554238766873E-002
   5.3499999999999996       -2.4415057168480657E-002
   5.3750000000000000       -2.3717456071682578E-002
   5.4000000000000004       -2.3044398680161254E-002
   5.4249999999999998       -2.2394943237720153E-002
   5.4500000000000002       -2.1765002999623664E-002
   5.4749999999999996       -2.1157202023109084E-002
   5.5000000000000000       -2.0570264621940459E-002
   5.5250000000000004       -2.0003221852133806E-002
   5.5499999999999998       -1.9453127838883470E-002
   5.5750000000000002       -1.8922748270471072E-002
   5.5999999999999996       -1.8409510026839923E-002
   5.6250000000000000       -1.7912431637991187E-002
   5.6500000000000004       -1.7432681316875764E-002
   5.6749999999999998       -1.6967744682425803E-002
   5.7000000000000002       -1.6517812490702853E-002
   5.7249999999999996       -1.6080576536999361E-002
   5.7500000000000000       -1.5657816888197666E-002
   5.7750000000000004       -1.5247772754730174E-002
   5.7999999999999998       -1.4848472609856387E-002
   5.8250000000000002       -1.4460386509264353E-002
   5.8499999999999996       -1.4084357023595334E-002
   5.8750000000000000       -1.3717312041102448E-002
   5.9000000000000004       -1.3358169490352706E-002
   5.9249999999999998       -1.3007944679029049E-002
   5.9500000000000002       -1.2665609217783265E-002
   5.9749999999999996       -1.2330466043305312E-002
   6.0000000000000000       -1.1999861104423548E-002
   6.0250000000000004       -1.1675815772878000E-002
   6.0499999999999998       -1.1356758737390442E-002
   6.0750000000000002       -1.1043834672514666E-002
   6.0999999999999996       -1.0734904348236395E-002
   6.1250000000000000       -1.0431370211405448E-002
   6.1500000000000004       -1.0133214162306871E-002
   6.1749999999999998       -9.8408285361426158E-003
   6.2000000000000002       -9.5523613664874763E-003
   6.2249999999999996       -9.2694618944775022E-003
   6.2500000000000000       -8.9915526410282876E-003
   6.2750000000000004       -8.7181117137991228E-003
   6.2999999999999998       -8.4505521278744316E-003
   6.3250000000000002       -8.1874859453792397E-003
   6.3499999999999996       -7.9290138913606974E-003
   6.3750000000000000       -7.6749859428830274E-003
   6.4000000000000004       -7.4266321260621016E-003
   6.4249999999999998       -7.1825988916622719E-003
   6.4500000000000002       -6.9429464607825286E-003
   6.4749999999999996       -6.7077574484791253E-003
   6.5000000000000000       -6.4777974597978504E-003
   6.5250000000000004       -6.2522231736637252E-003
   6.5499999999999998       -6.0307770788649209E-003
   6.5750000000000002       -5.8137237506140013E-003
   6.5999999999999996       -5.6015166804688097E-003
   6.6250000000000000       -5.3937156899566451E-003
   6.6500000000000004       -5.1897497193412632E-003
   6.6749999999999998       -4.9901177352602421E-003
   6.7000000000000002       -4.7950897051384517E-003
   6.7249999999999996       -4.6043750195071172E-003
   6.7500000000000000       -4.4172958059058602E-003
   6.7750000000000004       -4.2344223500404531E-003
   6.7999999999999998       -4.0558456704369410E-003
   6.8250000000000002       -3.8816098084673602E-003
   6.8499999999999996       -3.7106562320843644E-003
   6.8750000000000000       -3.5439277266454553E-003
   6.9000000000000004       -3.3812202111981413E-003
   6.9249999999999998       -3.2219495685260340E-003
   6.9500000000000002       -3.0672220914925571E-003
   6.9749999999999996       -2.9160023146812411E-003
   7.0000000000000000       -2.7683594780447541E-003
   7.0250000000000004       -2.6243443796935134E-003
   7.0500000000000007       -2.4844228576497624E-003
   7.0750000000000002       -2.3479412153376033E-003
   7.0999999999999996       -2.2149050078638290E-003
   7.1250000000000000       -2.0852459176662380E-003
   7.1500000000000004       -1.9594384060749670E-003
   7.1750000000000007       -1.8370983968533643E-003
   7.2000000000000002       -1.7178813731055806E-003
   7.2249999999999996       -1.6020976635140502E-003
   7.2500000000000000       -1.4898195023469653E-003
   7.2750000000000004       -1.3808939630649097E-003
   7.3000000000000007       -1.2749319509935096E-003
   7.3250000000000002       -1.1721165430627124E-003
   7.3499999999999996       -1.0727846023605618E-003
   7.3750000000000000       -9.7655653222636168E-004
   7.4000000000000004       -8.8313722820134192E-004
   7.4250000000000007       -7.9284874143359992E-004
   7.4500000000000002       -7.0566026087076086E-004
   7.4749999999999996       -6.2151514182851421E-004
   7.5000000000000000       -5.4000864441472321E-004
   7.5250000000000004       -4.6149179991735367E-004
   7.5500000000000007       -3.8584889278981484E-004
   7.5750000000000002       -3.1310951585140521E-004
   7.5999999999999996       -2.4285031915851244E-004
   7.6250000000000000       -1.7543359288533421E-004
   7.6500000000000004       -1.1067305616767776E-004
   7.6750000000000007       -4.8437154699743904E-005
   7.7000000000000002        1.1000000473242322E-005
   7.7249999999999996        6.7977054844253220E-005
   7.7500000000000000        1.2250515884402026E-004
   7.7750000000000004        1.7463818874937604E-004
   7.8000000000000007        2.2418089324664853E-004
   7.8250000000000002        2.7140005380947823E-004
   7.8499999999999996        3.1636386490351871E-004
   7.8750000000000000        3.5904583704188324E-004
   7.9000000000000004        3.9936279129996398E-004
   7.9250000000000007        4.3748832566655035E-004
   7.9500000000000002        4.7352990352932860E-004
   7.9749999999999996        5.0744148866706143E-004
   8.0000000000000000        5.3919711071668858E-004
   8.0250000000000004        5.6889589973228903E-004
   8.0500000000000007        5.9668520658337889E-004
   8.0749999999999993        6.2248206430448409E-004
   8.0999999999999996        6.4632755001062681E-004
   8.1250000000000000        6.6828173569570787E-004
   8.1500000000000004        6.8846352840385761E-004
   8.1750000000000007        7.0682474180138550E-004
   8.1999999999999993        7.2342200243652054E-004
   8.2249999999999996        7.3829058781421772E-004
   8.2500000000000000        7.5152993827609996E-004
   8.2750000000000004        7.6312905414448618E-004
   8.3000000000000007        7.7312632049342104E-004
   8.3249999999999993        7.8160288702430888E-004
   8.3499999999999996        7.8854452331118938E-004
   8.3750000000000000        7.9402724113585119E-004
   8.4000000000000004        7.9810033911333175E-004
   8.4250000000000007        8.0079756313523680E-004
   8.4499999999999993        8.0214472809615441E-004
   8.4749999999999996        8.0219676575046643E-004
   8.5000000000000000        8.0099424772539962E-004
   8.5250000000000004        7.9857415971371364E-004
   8.5500000000000007        7.9499338338015826E-004
   8.5749999999999993        7.9028053683429065E-004
   8.5999999999999996        7.8447073911382939E-004
   8.6250000000000000        7.7760536597444032E-004
   8.6500000000000004        7.6974626037035372E-004
   8.6750000000000007        7.6093291623795700E-004
   8.6999999999999993        7.5116530917176613E-004
   8.7249999999999996        7.4052401646997079E-004
   8.7500000000000000        7.2905847942048561E-004
   8.7750000000000004        7.1680845582393956E-004
   8.8000000000000007        7.0375093927110225E-004
   8.8249999999999993        6.8999874268609767E-004
   8.8499999999999996        6.7558334978093002E-004
   8.8750000000000000        6.6055968454067264E-004
   8.9000000000000004        6.4487934221728761E-004
   8.9250000000000007        6.2868106982660952E-004
   8.9499999999999993        6.1197121526932450E-004
   8.9749999999999996        5.9476065452861995E-004
   9.0000000000000000        5.7720160273687696E-004
   9.0250000000000004        5.5921436720817494E-004
   9.0500000000000007        5.4088533228105733E-004
   9.0749999999999993        5.2221758360046088E-004
   9.1000000000000014        5.0336530876988236E-004
   9.1250000000000000        4.8426638878327230E-004
   9.1500000000000004        4.6496877752232350E-004
   9.1750000000000007        4.4552173421325480E-004
   9.1999999999999993        4.2603749661123796E-004
   9.2250000000000014        4.0648426800338498E-004
   9.2500000000000000        3.8688163625512167E-004
   9.2750000000000004        3.6730817724415973E-004
   9.3000000000000007        3.4786058395948360E-004
   9.3249999999999993        3.2852102365809211E-004
   9.3500000000000014        3.0929047045214587E-004
   9.3750000000000000        2.9025622473290754E-004
   9.4000000000000004        2.7150134072954869E-004
   9.4250000000000007        2.5302563674634406E-004
   9.4499999999999993        2.3482621753278670E-004
   9.4750000000000014        2.1700390835373789E-004
   9.5000000000000000        1.9960103613721121E-004
   9.5250000000000004        1.8266188776175227E-004
   9.5500000000000007        1.6615383771060430E-004
   9.5749999999999993        1.5019975741393409E-004
   9.6000000000000014        1.3482104021428779E-004
   9.6250000000000000        1.2008278698697486E-004
   9.6500000000000004        1.0593670207874476E-004
   9.6750000000000007        9.2508545201593455E-005
   9.6999999999999993        7.9818260079432410E-005
   9.7250000000000014        6.7884704991753522E-005
   9.7500000000000000        5.6812077241360813E-005
   9.7750000000000004        4.6581105802599768E-005
   9.8000000000000007        3.7244391722021016E-005
   9.8249999999999993        2.8840987928900547E-005
   9.8500000000000014        2.1447210491035165E-005
   9.8750000000000000        1.5070817737258858E-005
   9.9000000000000004        9.7534186928957392E-006
   9.9250000000000007        5.5435361040293896E-006
   9.9499999999999993        2.4933920944195787E-006
   9.9750000000000014        6.3137609879277341E-007
