   386.63307308164161     
   321.35154500678442     
   266.44898845526598     
   220.32017609430048     
   181.60482017531527     
   149.15045096147148     
   121.98090151018771     
   99.269553621462038     
   80.316627061112555     
   64.529902302594252     
   51.408358886029582     
   40.528289518730304     
   31.531516319251459     
   24.115391905155789     
   18.024315845312891     
   13.042537616787300     
   8.9880517082152629     
   5.7074198169193826     
   3.0713799781551603     
  0.97112360637802098     
 -0.68486061520327379     
  -1.9734618096964909     
  -2.9592138064745281     
  -3.6962157257113049     
  -4.2297587648021873     
  -4.5977037699701366     
  -4.8316474386495569     
  -4.9579092766235302     
  -4.9983665753008450     
  -4.9711605489356012     
  -4.8912932685700454     
  -4.7711320552058796     
  -4.6208354694927198     
  -4.4487128913774425     
  -4.2615278631908993     
  -4.0647538247251669     
  -3.8627895574963520     
  -3.6591405423652512     
  -3.4565714900783151     
  -3.2572345026805274     
  -3.0627766435559534     
  -2.8744301167390973     
  -2.6930877665433597     
  -2.5193661932498892     
  -2.3536584283638176     
  -2.1961778142404698     
  -2.0469944796153703     
  -1.9060655878637849     
  -1.7732603528308444     
  -1.6483806628554050     
  -1.5311780229518555     
  -1.4213674144415291     
  -1.3186385776062699     
  -1.2226651435967566     
  -1.1331119746819391     
  -1.0496410151187938     
 -0.97191590687928719     
 -0.89960558385824052     
 -0.83238702386814034     
 -0.76994730874317119     
 -0.71198511840890921     
 -0.65821176413419769     
 -0.60835184878071535     
 -0.56214362720582833     
 -0.51933912763351386     
 -0.47970408442854562     
 -0.44301772398757477     
 -0.40907243814011673     
 -0.37767337331511014     
 -0.34863795859016344     
 -0.32179539144466662     
 -0.29698609645242835     
 -0.27406116916245488     
 -0.25288181493329359     
 -0.23331879042691134     
 -0.21525185376470854     
 -0.19856922794378212     
 -0.18316708095763853     
 -0.16894902512144189     
 -0.15582563733316449     
 -0.14371400137970833     
 -0.13253727289669548     
 -0.12222426719168170     
 -0.11270906982568134     
 -0.10393066960259019     
  -9.5832613428135732E-002
  -8.8362682359164404E-002
  -8.1472588061804005E-002
  -7.5117688826165749E-002
  -6.9256724239798992E-002
  -6.3851567597099188E-002
  -5.8866995113149120E-002
  -5.4270471014629305E-002
  -5.0031947594604803E-002
  -4.6123679339852799E-002
  -4.2520050267011646E-002
  -3.9197413635631138E-002
  -3.6133943240901086E-002
  -3.3309495525400509E-002
  -3.0705481786799015E-002
  -2.8304749796393379E-002
  -2.6091474181153429E-002
  -2.4051054959163969E-002
  -2.2170023654679554E-002
  -2.0435956454213755E-002
  -1.8837393898995015E-002
  -1.7363766641620572E-002
  -1.6005326825750243E-002
  -1.4753084677158504E-002
  -1.3598749922397017E-002
  -1.2534677677711662E-002
  -1.1553818475733094E-002
  -1.0649672120856027E-002
  -9.8162450861815805E-003
  -9.0480111854752739E-003
  -8.3398752728463203E-003
  -7.6871397408421020E-003
  -7.0854736044393520E-003
  -6.5308839740615002E-003
  -6.0196897353237072E-003
  -5.5484972667652396E-003
  -5.1141780394329166E-003
  -4.7138479538876843E-003
  -4.3448482810763195E-003
  -4.0047280835946294E-003
  -3.6912280032194212E-003
  -3.4022653092533228E-003
  -3.1359201102545402E-003
  -2.8904226391581415E-003
  -2.6641415286766650E-003
  -2.4555730002351023E-003
  -2.2633308955852982E-003
  -2.0861374856914446E-003
  -1.9228149965135864E-003
  -1.7722777959702759E-003
  -1.6335251906620454E-003
  -1.5056347849106107E-003
