-0.12200581674556155
-1.1262468017360199
-2.008704544436231
-2.783839785868153
-3.466236060282313
-4.066337905033457
-4.5918985542104345
-5.0512277298750075
-5.451200169772797
-5.798004551117449
-6.098039229094015
-6.356489677998773
-6.577579205337226
-6.764591019400976
-6.9211338270333265
-7.049895594635098
-7.1535547419150625
-7.234652940269612
-7.295349295585545
-7.33729728462884
-7.362032846727933
-7.371040016965478
-7.365594466454555
-7.3469842618671795
-7.3162220516795085
-7.27428821662593
-7.222128829558302
-7.16047594179779
-7.089988243375351
-7.011615742327422
-6.925974925839606
-6.833787008917122
-6.735473075923947
-6.631748439080427
-6.522878434968271
-6.409585105526801
-6.292255500597356
-6.171276110356448
-6.0475772205878595
-5.920450743891016
-5.790983738989137
-5.658955800966648
-5.524135261272779
-5.387930970236257
-5.250003406995578
-5.111002505646577
-4.971514199255953
-4.831202064867584
-4.69114799490597
-4.550466341498249
-4.409997056574038
-4.269203684159227
-4.128347521475392
-3.987939465078681
-3.847222840186019
-3.7076751682199127
-3.568605246208514
-3.4298706096838583
-3.292346453652964
-3.1552571838417975
-3.0189851378068733
-2.883494120114525
-2.748325712873388
-2.614555583298115
-2.481216885041519
-2.3499455660169
-2.2212076761516935
-2.095570570051753
-1.9747335524187752
-1.8585440800730764
-1.748027869740048
-1.6436113726639692
-1.5448219362404583
-1.4518956665462763
-1.3640790216456096
-1.2817772509529817
-1.2049762051341313
-1.1339098218667831
-1.068567913878062
-1.0076562491172236
-0.9510025974421031
-0.8975530587959026
-0.8470666378823685
-0.8000177547536362
-0.7561383633607912
-0.7154915053895523
-0.6777399720135019
-0.6425202583802823
-0.6097563355672795
-0.5789372199028594
-0.5500010728147512
-0.5225943802519066
-0.49650776835142707
-0.4719307800875132
-0.4485930859171744
-0.42678822149032075
-0.4065710210779854
-0.3880213762335119
-0.37122326841699715
-0.3556608196600068
-0.34099968531321373
-0.3268380415257275
-0.31313141399423383
-0.2999436926838073
-0.28723662703399944
-0.2751204363378084
-0.2635844252018411
-0.25260218325252626
-0.24230340492487412
-0.23263254930340216
-0.22360131752168627
-0.2151419644574854
-0.2071735674360206
-0.19967631795402993
-0.1925438233401118
-0.18576237725276312
-0.1792329764711974
-0.17291203394579718
-0.1667719380825159
-0.1608222307434141
-0.1551220034837532
-0.1496768855926167
-0.14450469856981954
-0.1396553989653788
-0.13513401060445493
-0.13099600694813182
-0.1272424128290418
-0.12382709147132329
-0.12072036957833204
-0.11784507819076354
-0.1151723089016384
-0.11264306222228128
-0.11020187721148395
-0.10780031162246236
-0.10538882962712258
-0.10296531632902671
-0.10051799333061937
-0.09804314883276222
-0.09557134134310291
-0.09308632093874937
-0.09060674409495824
-0.08812729896479851
-0.08565486363273428
-0.08320017044262312
-0.08075226626112281
-0.0783369498202248
-0.07594706245099904
-0.07357817109277387
-0.07125414592102243
-0.06896279253822368
-0.06672
-0.06452564866684145
-0.06237650183936365
-0.0602843255077572
-0.05823644041828863
-0.056248481749155324
-0.0543134563244335
-0.05242467665725753
-0.050598475678719015
-0.04882441841015185
-0.04710643733980055
-0.04544598507407756
-0.043834100660282066
-0.042281417324109345
-0.040776100475423425
-0.039327317212056914
-0.03792762929753318
-0.036577780436688134
-0.03528026640964203
-0.03402643742126765
-0.03282398755875009
-0.03166572258985459
-0.03054855273320452
-0.02947752763619158
-0.028444351214639514
-0.027452767766112655
-0.0265005500358614
-0.02558321470617751
-0.02470450183071741
-0.023857208026423955
-0.02304740861611611
-0.022269505737006912
-0.021520003164026948
-0.02080300859680519
-0.020114546559028258
-0.019453033075829417
-0.0188181315631306
-0.018207681006571788
-0.017622699059742168
-0.01705886737663915
-0.016516847424374845
-0.015995337025681875
-0.015492125961578732
-0.015007632069930686
-0.0145378580480684
-0.014084701157545768
-0.013645305552849131
-0.013217302866160015
-0.012802550967033923
-0.012396575698348804
