-2.5869723755892764
-3.2347807875135715
-3.797005462307375
-4.2871161143640215
-4.7139771725924895
-5.085659088472255
-5.409963736604157
-5.693953333924966
-5.94101657172863
-6.153391573135586
-6.334021490637667
-6.48505151539562
-6.607952196103096
-6.70354157563799
-6.772016160040229
-6.813515276013243
-6.828980699519811
-6.819645618061898
-6.78604724876754
-6.728742519605349
-6.648983092283782
-6.5479223652709235
-6.4269831056440845
-6.287827611968631
-6.131994099345562
-5.9612746715381695
-5.776971618383679
-5.580722931848966
-5.373961572232231
-5.158257932002606
-4.934982105350734
-4.705472033891947
-4.470983816714546
-4.232807524214272
-3.992036427860109
-3.749549931971309
-3.5069594200509693
-3.2651732663641866
-3.022969226865464
-2.780555211166485
-2.545008351074677
-2.3237320497975498
-2.1178632587054613
-1.9271287245264137
-1.7509851589829304
-1.5891417592411048
-1.4410839395900115
-1.3064892494889042
-1.1849064478205986
-1.0758938235794946
-0.979026302432568
-0.8936358171853134
-0.8184088429331872
-0.7518405230260872
-0.6924163121004164
-0.6386184534596189
-0.589131048699938
-0.543337687219229
-0.500825793410907
-0.4611889903648854
-0.4239931201581843
-0.38892509138732034
-0.3560967481334588
-0.3257131714032455
-0.2979935153073213
-0.2731425099963247
-0.2512746957091524
-0.2320968601559022
-0.21521898434019202
-0.20025760578999635
-0.18681707691366534
-0.1745803492399016
-0.16343854713810674
-0.15338769788897744
-0.1443806272888084
-0.13641440401966226
-0.12941308499004822
-0.1232449832605548
-0.11772389558337268
-0.11267251912280539
-0.10792550746871815
-0.10331786737964696
-0.09882726215772106
-0.0944523192894543
-0.09018634627198752
-0.08602770059094497
-0.08197235136070723
-0.07801713910986738
-0.07415904588311822
-0.07039422177827792
-0.06672
-0.06313601140739286
-0.05965614229540836
-0.05629534969918694
-0.05307199951277515
-0.050000214614129734
-0.04709395936872876
-0.044349778160005224
-0.04176061222050721
-0.03932091716485178
-0.03702300924187091
-0.03486015445979966
-0.03282785830853885
-0.03091908966401404
-0.029129927078171688
-0.02745274047805611
-0.025884581194099483
-0.02441700503541427
-0.02304640095783937
-0.021765951308776465
-0.02057019473300108
-0.01945332964467615
-0.018408453706220834
-0.017431989391390425
-0.016516845710884017
-0.01565781288344835
-0.014849433657376575
-0.01408470770502344
-0.013358168771349318
-0.012665609186923322
-0.011999861102073175
-0.011356755906416148
-0.010734003526796694
-0.010132885058032962
-0.009551943455112025
-0.008991047282630732
-0.008449955409667127
-0.007928313053247208
-0.007425858973874682
-0.006942147154074387
-0.006476903459209495
-0.006029877463014256
-0.0056005602943193615
-0.005188749348142732
-0.004794027944557629
-0.00441619578540644
-0.004054756272753703
-0.003709456402878882
-0.0033800201991363308
-0.003066027765239715
