389.443
320.0143152521832
263.7598722287988
217.80944180597592
180.17345964142964
149.19823500638276
123.506148115359
101.93762102920219
83.48433620575362
67.42434796607334
53.4277957228362
41.41873636335219
31.33979538165914
23.065470183497606
16.408614374208238
11.142831747057784
7.043100669649794
3.881680222346275
1.4596245901312754
-0.3881490668569447
-1.7910000000000004
-2.849473440566358
-3.631383967713355
-4.192686190299966
-4.57410652993234
-4.806191788501507
-4.916859766227049
-4.930216427787616
-4.867881445095733
-4.745555918820601
-4.574801950737633
-4.366955380499888
-4.132940990153155
-3.8804537269587187
-3.6132755087989743
-3.337636946588837
-3.0641412442536744
-2.80266503148564
-2.5606504325693815
-2.342258933051267
-2.143
-1.9579872794610917
-1.7871166044705125
-1.631056906720214
-1.487801899118527
-1.354740593861449
-1.2316548536669718
-1.119314397151204
-1.017225338087529
-0.9241454396406604
-0.8393704678181263
-0.762630486929166
-0.6933421365049922
-0.6305767969778437
-0.5735826146286918
-0.5218822380242093
-0.4750248421721167
-0.4325719291499263
-0.3941287872238982
-0.3594094580071275
-0.3281434446684891
-0.3000587007276766
-0.27488163543268596
-0.25233716550436097
-0.232152954905959
-0.21408262122893462
-0.19788923951659587
-0.18333452696116745
-0.17017883441819445
-0.158187584524844
-0.14722951104890988
-0.13725717810374616
-0.12822435535598195
-0.12008357058836629
-0.11277853251465926
-0.10622936161827079
-0.10035284347297772
-0.09505236141824161
-0.09021606516283194
-0.08577954116684645
-0.08168131195401766
-0.07785939104252335
-0.07425129704192034
-0.07079407000437368
-0.06742427782126213
-0.06408584228207247
-0.06078192547526336
-0.05754281335617324
-0.05439851526067816
-0.05137862989236604
-0.0485114872344905
-0.04580733610554595
-0.043259525936207174
-0.04086040590310496
-0.03860196423468064
-0.03647585033411101
-0.034474536534103095
-0.03258964028569586
-0.030787777561935147
-0.02907107132817947
-0.027452999999999995
-0.025943404760907146
-0.024537574130902337
-0.02322715940702609
-0.022003811622373776
-0.020859181956562337
-0.019785147773150134
-0.018775648218588716
-0.01782572244382092
-0.01693042011869771
-0.01608479076071018
-0.015283947669113828
-0.0145246662610112
-0.013805502480813081
-0.013125099543627207
-0.012482100674002286
-0.011874778805813656
-0.01129091272037117
-0.010724918140313991
-0.01017653132676255
-0.009645488540837247
-0.009131526043658512
-0.008634380096346778
-0.008153786960022443
-0.007689482895805953
-0.007241204164817705
-0.00680868702817813
-0.006391667747007659
-0.005989882582426693
-0.005603067795555662
-0.0052309596475149985
-0.004873294399425099
-0.004529808312406402
-0.004200237647579331
-0.0038843186660642934
-0.00358178762898172
-0.003292380797452021
