   33.134973215169900     
   29.624221665901700     
   26.381221960589293     
   23.387557801146997     
   20.626026046021945     
   18.080558380532448     
   15.736147995653923     
   13.578780956556781     
   11.595371962430836     
   9.7737042180773468     
   8.1023731554965650     
   6.5707337603187854     
   5.1688512734941385     
   3.8874550532362666     
   2.7178953958699381     
   1.6521031270222566     
  0.68255178657530347     
 -0.19777775798367378     
 -0.99543042467105947     
  -1.7165079015910949     
  -2.3666976387953387     
  -2.9512999745857469     
  -3.4752535153456194     
  -3.9431588804116080     
  -4.3593009164091487     
  -4.7276694788329587     
  -5.0519788724347725     
  -5.3356860361558693     
  -5.5820075528868864     
  -5.7939355592287045     
  -5.9742526256436639     
  -6.1255456729057371     
  -6.2502189865619355     
  -6.3505063871875107     
  -6.4284826105371673     
  -6.4860739482480465     
  -6.5250681965225432     
  -6.5471239571964173     
  -6.5537793327670766     
  -6.5464600543061273     
  -6.5264870786979507     
  -6.4950836893215049     
  -6.4533821321156699     
  -6.4024298169300362     
  -6.3431951121540671     
  -6.2765727588301479     
  -6.2033889287821067     
  -6.1244059497234247     
  -6.0403267188416656     
  -5.9517988249813127     
  -5.8594183982603294     
  -5.7637337047507611     
  -5.6652485027254276     
  -5.5644251759162708     
  -5.4616876582407130     
  -5.3574241635262316     
  -5.2519897328960949     
  -5.1457086116672492     
  -5.0388764668511667     
  -4.9317624556366439     
  -4.8246111545671919     
  -4.7176443585017207     
  -4.6110627578631309     
  -4.5050475021325749     
  -4.3997616570351799     
  -4.2953515623837690     
  -4.1919480970984351     
  -4.0896678574997631     
  -3.9886142545803511     
  -3.8888785355911790     
  -3.7905407349348339     
  -3.6936705590350996     
  -3.5983282095505076     
  -3.5045651490169103     
  -3.4124248127396202     
  -3.3219432705081258     
  -3.2331498414746864     
  -3.1460676653212909     
  -3.0607142326364589     
  -2.9771018772334958     
  -2.8952382329640196     
  -2.8151266574142544     
  -2.7367666247159259     
  -2.6601540895579396     
  -2.5852818243487286     
  -2.5121397313516107     
  -2.4407151314962059     
  -2.3709930314572856     
  -2.3029563704879981     
  -2.2365862483966916     
  -2.1718621359651369     
  -2.1087620690204374     
  -2.0472628272929216     
  -1.9873400991174857     
  -1.9289686329658686     
  -1.8721223767318800     
  -1.8167746056303993     
  -1.7628980395136820     
  -1.7104649503550102     
  -1.6594472605996278     
  -1.6098166330361126     
  -1.5615445527975704     
  -1.5146024020610962     
  -1.4689615279757413     
  -1.4245933043134176     
  -1.3814691873037928     
  -1.3395607660829543     
  -1.2988398081564607     
  -1.2592783002500914     
  -1.2208484848961203     
  -1.1835228930791337     
  -1.1472743732431308     
  -1.1120761169408941     
  -1.0779016813871625     
  -1.0447250091590303     
  -1.0125204452700516     
 -0.98126275182870260     
 -0.95092712047710859     
 -0.92148918279213654     
 -0.89292501881810271     
 -0.86521116388831865     
 -0.83832461388150781     
 -0.81224282904865341     
 -0.78694373653607952     
 -0.76240573172148707     
 -0.73860767847114439     
 -0.71552890841855021     
 -0.69314921935747953     
 -0.67144887283545973     
 -0.65040859102730686     
 -0.63000955296236960     
 -0.61023339017357958     
 -0.59106218183119674     
 -0.57247844941933668     
 -0.55446515100884586     
 -0.53700567517592390     
 -0.52008383461198959     
 -0.50368385946666427     
 -0.48779039046237965     
 -0.47238847181598109     
 -0.45746354399978523     
 -0.44300143637184641     
 -0.42898835970266813     
 -0.41541089862326674     
 -0.40225600401731976     
 -0.38951098537813011     
 -0.37716350314926084     
 -0.36520156106597568     
 -0.35361349851301288     
 -0.34238798291273320     
 -0.33151400215631688     
 -0.32098085708940144     
 -0.31077815406238718     
 -0.30089579755454005     
 -0.29132398288002620     
 -0.28205318898308046     
 -0.27307417132865563     
 -0.26437795489411819     
 -0.25595582726681987     
 -0.24779933185171876     
 -0.23990026119259916     
 -0.23225065040988291     
 -0.22484277075750736     
 -0.21766912330086302     
 -0.21072243271736746     
 -0.20399564122083369     
 -0.19748190261045173     
 -0.19117457644485372     
 -0.18506722234144996     
 -0.17915359440093492     
 -0.17342763575663209     
 -0.16788347324810821     
 -0.16251541221830321     
 -0.15731793143322403     
 -0.15228567812310478     
 -0.14741346314378123     
 -0.14269625625690427     
 -0.13812918152749953     
 -0.13370751283728785     
 -0.12942666951208309     
 -0.12528221206152010     
 -0.12126983802928948     
 -0.11738537795201159     
 -0.11362479142482414     
 -0.10998416327173127     
 -0.10645969981872140     
 -0.10304772526764686     
  -9.9744678168831619E-002
  -9.6547107990370543E-002
  -9.3451671782071019E-002
  -9.0455130931990313E-002
  -8.7554348013520841E-002
  -8.4746283720988080E-002
  -8.2027993891728310E-002
  -7.9396626612634844E-002
  -7.6849419409170144E-002
  -7.4383696514867717E-002
  -7.1996866219360259E-002
  -6.9686418293001984E-002
  -6.7449921486170683E-002
