   0.0000000000000000     
   1.6722408026755852E-002
   3.3444816053511704E-002
   5.0167224080267560E-002
   6.6889632107023408E-002
   8.3612040133779264E-002
  0.10033444816053512     
  0.11705685618729098     
  0.13377926421404682     
  0.15050167224080269     
  0.16722408026755853     
  0.18394648829431437     
  0.20066889632107024     
  0.21739130434782608     
  0.23411371237458195     
  0.25083612040133779     
  0.26755852842809363     
  0.28428093645484948     
  0.30100334448160537     
  0.31772575250836121     
  0.33444816053511706     
  0.35117056856187290     
  0.36789297658862874     
  0.38461538461538464     
  0.40133779264214048     
  0.41806020066889632     
  0.43478260869565216     
  0.45150501672240800     
  0.46822742474916390     
  0.48494983277591974     
  0.50167224080267558     
  0.51839464882943143     
  0.53511705685618727     
  0.55183946488294311     
  0.56856187290969895     
  0.58528428093645490     
  0.60200668896321075     
  0.61872909698996659     
  0.63545150501672243     
  0.65217391304347827     
  0.66889632107023411     
  0.68561872909698995     
  0.70234113712374580     
  0.71906354515050164     
  0.73578595317725748     
  0.75250836120401343     
  0.76923076923076927     
  0.78595317725752512     
  0.80267558528428096     
  0.81939799331103680     
  0.83612040133779264     
  0.85284280936454848     
  0.86956521739130432     
  0.88628762541806017     
  0.90301003344481601     
  0.91973244147157196     
  0.93645484949832780     
  0.95317725752508364     
  0.96989966555183948     
  0.98662207357859533     
   1.0033444816053512     
   1.0200668896321070     
   1.0367892976588629     
   1.0535117056856187     
   1.0702341137123745     
   1.0869565217391304     
   1.1036789297658862     
   1.1204013377926421     
   1.1371237458193979     
   1.1538461538461537     
   1.1705685618729098     
   1.1872909698996656     
   1.2040133779264215     
   1.2207357859531773     
   1.2374581939799332     
   1.2541806020066890     
   1.2709030100334449     
   1.2876254180602007     
   1.3043478260869565     
   1.3210702341137124     
   1.3377926421404682     
   1.3545150501672241     
   1.3712374581939799     
   1.3879598662207357     
   1.4046822742474916     
   1.4214046822742474     
   1.4381270903010033     
   1.4548494983277591     
   1.4715719063545150     
   1.4882943143812708     
   1.5050167224080269     
   1.5217391304347827     
   1.5384615384615385     
   1.5551839464882944     
   1.5719063545150502     
   1.5886287625418061     
   1.6053511705685619     
   1.6220735785953178     
   1.6387959866220736     
   1.6555183946488294     
   1.6722408026755853     
   1.6889632107023411     
   1.7056856187290970     
   1.7224080267558528     
   1.7391304347826086     
   1.7558528428093645     
   1.7725752508361203     
   1.7892976588628762     
   1.8060200668896320     
   1.8227424749163879     
   1.8394648829431439     
   1.8561872909698998     
   1.8729096989966556     
   1.8896321070234114     
   1.9063545150501673     
   1.9230769230769231     
   1.9397993311036790     
   1.9565217391304348     
   1.9732441471571907     
   1.9899665551839465     
   2.0066889632107023     
   2.0234113712374584     
   2.0401337792642140     
   2.0568561872909701     
   2.0735785953177257     
   2.0903010033444818     
   2.1070234113712374     
   2.1237458193979935     
   2.1404682274247491     
   2.1571906354515051     
   2.1739130434782608     
   2.1906354515050168     
   2.2073578595317724     
   2.2240802675585285     
   2.2408026755852841     
   2.2575250836120402     
   2.2742474916387958     
   2.2909698996655519     
   2.3076923076923075     
   2.3244147157190636     
   2.3411371237458196     
   2.3578595317725752     
   2.3745819397993313     
   2.3913043478260869     
   2.4080267558528430     
   2.4247491638795986     
   2.4414715719063547     
   2.4581939799331103     
   2.4749163879598663     
   2.4916387959866220     
   2.5083612040133780     
   2.5250836120401337     
   2.5418060200668897     
   2.5585284280936453     
   2.5752508361204014     
   2.5919732441471570     
   2.6086956521739131     
   2.6254180602006687     
   2.6421404682274248     
   2.6588628762541804     
   2.6755852842809364     
   2.6923076923076925     
   2.7090301003344481     
   2.7257525083612042     
   2.7424749163879598     
   2.7591973244147159     
   2.7759197324414715     
   2.7926421404682276     
   2.8093645484949832     
   2.8260869565217392     
   2.8428093645484949     
   2.8595317725752509     
   2.8762541806020065     
   2.8929765886287626     
   2.9096989966555182     
   2.9264214046822743     
   2.9431438127090299     
   2.9598662207357860     
   2.9765886287625416     
   2.9933110367892977     
   3.0100334448160537     
   3.0267558528428093     
   3.0434782608695654     
   3.0602006688963210     
   3.0769230769230771     
   3.0936454849498327     
   3.1103678929765888     
   3.1270903010033444     
   3.1438127090301005     
   3.1605351170568561     
   3.1772575250836121     
   3.1939799331103678     
   3.2107023411371238     
   3.2274247491638794     
   3.2441471571906355     
   3.2608695652173911     
   3.2775919732441472     
   3.2943143812709028     
   3.3110367892976589     
   3.3277591973244145     
