  0.5  160.287116
  0.5045  155.594431
  0.509  151.025755
  0.5135  146.578009
  0.518  142.24819
  0.5225  138.033365
  0.527  133.930675
  0.5315  129.937328
  0.536  126.0506
  0.5405  122.267833
  0.545  118.586432
  0.5495  115.003868
  0.554  111.51767
  0.5585  108.125428
  0.563  104.824791
  0.5675  101.613464
  0.572  98.4892077
  0.5765  95.4498381
  0.581  92.4932233
  0.5855  89.6172834
  0.59  86.819989
  0.5945  84.09936
  0.599  81.4534644
  0.6035  78.8804172
  0.608  76.3783792
  0.6125  73.945556
  0.617  71.5801968
  0.6215  69.2805936
  0.626  67.0450798
  0.6305  64.8720295
  0.635  62.7598565
  0.6395  60.7070134
  0.644  58.7119902
  0.6485  56.7733142
  0.653  54.8895483
  0.6575  53.0592909
  0.662  51.2811743
  0.6665  49.5538646
  0.671  47.8760602
  0.6755  46.2464917
  0.68  44.6639207
  0.6845  43.127139
  0.689  41.6349683
  0.6935  40.186259
  0.698  38.7798898
  0.7025  37.4147669
  0.707  36.0898236
  0.7115  34.8040192
  0.716  33.5563386
  0.7205  32.3457919
  0.725  31.1714134
  0.7295  30.0322614
  0.734  28.9274171
  0.7385  27.8559848
  0.743  26.8170905
  0.7475  25.8098822
  0.752  24.8335287
  0.7565  23.8872194
  0.761  22.9701638
  0.7655  22.0815911
  0.77  21.2207494
  0.7745  20.3869057
  0.779  19.5793449
  0.7835  18.79737
  0.788  18.040301
  0.7925  17.3074751
  0.797  16.5982459
  0.8015  15.9119829
  0.806  15.2480717
  0.8105  14.605913
  0.815  13.9849225
  0.8195  13.3845306
  0.824  12.8041816
  0.8285  12.2433343
  0.833  11.7014605
  0.8375  11.1780456
  0.842  10.6725877
  0.8465  10.1845977
  0.851  9.71359857
  0.8555  9.25912553
  0.86  8.82072533
  0.8645  8.39795619
  0.869  7.9903875
  0.8735  7.59759949
  0.878  7.21918303
  0.8825  6.85473932
  0.887  6.50387966
  0.8915  6.16622523
  0.896  5.84140679
  0.9005  5.52906449
  0.905  5.22884765
  0.9095  4.94041449
  0.914  4.66343194
  0.9185  4.39757545
  0.923  4.14252873
  0.9275  3.8979836
  0.932  3.66363974
  0.9365  3.43920456
  0.941  3.22439294
  0.9455  3.0189271
  0.95  2.82253641
  0.9545  2.6349572
  0.959  2.45593258
  0.9635  2.28521232
  0.968  2.12255263
  0.9725  1.96771605
  0.977  1.82047125
  0.9815  1.68059292
  0.986  1.54786159
  0.9905  1.42206351
  0.995  1.30299048
  0.9995  1.19043976
  1.004  1.08421389
  1.0085  0.984120565
  1.013  0.889972536
  1.0175  0.801587461
  1.022  0.718787789
  1.0265  0.641400646
  1.031  0.569257712
  1.0355  0.502195113
  1.04  0.44005331
  1.0445  0.382676989
  1.049  0.32991496
  1.0535  0.281620049
  1.058  0.237649004
  1.0625  0.197862392
  1.067  0.162124508
  1.0715  0.130303279
  1.076  0.102270177
  1.0805  0.0779001258
  1.085  0.0570714174
  1.0895  0.0396656277
  1.094  0.025567534
  1.0985  0.0146650344
  1.103  0.00684907017
  1.1075  0.00201354863
  1.112  5.52692097E-05
  1.1165  0.000873850469
  1.121  0.00437165922
  1.1255  0.0104537413
  1.13  0.019027754
  1.1345  0.0300039001
  1.139  0.0432948637
  1.1435  0.0588157476
  1.148  0.0764840117
  1.1525  0.0962194135
  1.157  0.11794395
  1.1615  0.141581801
  1.166  0.167059272
  1.1705  0.194304744
  1.175  0.223248615
  1.1795  0.253823254
  1.184  0.285962948
  1.1885  0.319603854
  1.193  0.354683948
  1.1975  0.391142984
  1.202  0.428922444
  1.2065  0.467965496
  1.211  0.508216949
  1.2155  0.549623212
  1.22  0.592132252
  1.2245  0.635693556
  1.229  0.680258087
  1.2335  0.725778252
  1.238  0.772207859
  1.2425  0.819502084
  1.247  0.867617435
  1.2515  0.916511717
  1.256  0.966143998
  1.2605  1.01647458
  1.265  1.06746495
  1.2695  1.11907778
  1.274  1.17127687
  1.2785  1.22402713
  1.283  1.27729453
  1.2875  1.33104612
  1.292  1.38524994
  1.2965  1.43987505
  1.301  1.49489147
  1.3055  1.55027016
  1.31  1.60598299
  1.3145  1.66200274
  1.319  1.71830305
  1.3235  1.77485841
  1.328  1.83164413
  1.3325  1.88863633
  1.337  1.9458119
  1.3415  2.00314849
  1.346  2.06062449
  1.3505  2.11821903
  1.355  2.1759119
  1.3595  2.23368361
  1.364  2.29151531
  1.3685  2.34938879
  1.373  2.40728649
  1.3775  2.46519143
  1.382  2.52308726
  1.3865  2.58095816
  1.391  2.63878892
  1.3955  2.69656484
  1.4  2.75427177
  1.4045  2.81189606
  1.409  2.86942457
  1.4135  2.92684465
  1.418  2.98414413
  1.4225  3.04131128
  1.427  3.09833483
  1.4315  3.15520396
  1.436  3.21190824
  1.4405  3.26843768
  1.445  3.32478268
  1.4495  3.38093402
  1.454  3.43688287
  1.4585  3.49262076
  1.463  3.54813958
  1.4675  3.60343155
  1.472  3.65848925
  1.4765  3.71330556
  1.481  3.7678737
  1.4855  3.82218719
  1.49  3.87623983
  1.4945  3.93002574
  1.499  3.98353931
  1.5035  4.03677518
  1.508  4.08972829
  1.5125  4.1423938
  1.517  4.19476717
  1.5215  4.24684404
  1.526  4.29862033
  1.5305  4.35009218
  1.535  4.40125593
  1.5395  4.45210815
  1.544  4.50264561
  1.5485  4.5528653
  1.553  4.60276437
  1.5575  4.65234019
  1.562  4.70159029
  1.5665  4.7505124
  1.571  4.7991044
  1.5755  4.84736435
  1.58  4.89529046
  1.5845  4.94288111
  1.589  4.9901348
  1.5935  5.03705022
  1.598  5.08362617
  1.6025  5.12986159
  1.607  5.17575556
  1.6115  5.22130728
  1.616  5.26651608
  1.6205  5.31138141
  1.625  5.35590282
  1.6295  5.40007999
  1.634  5.44391269
  1.6385  5.48740082
  1.643  5.53054435
  1.6475  5.57334335
  1.652  5.61579802
  1.6565  5.6579086
  1.661  5.69967544
  1.6655  5.74109898
  1.67  5.78217973
  1.6745  5.82291828
  1.679  5.8633153
  1.6835  5.90337152
  1.688  5.94308774
  1.6925  5.98246484
  1.697  6.02150376
  1.7015  6.06020549
  1.706  6.09857108
  1.7105  6.13660165
  1.715  6.17429837
  1.7195  6.21166245
  1.724  6.24869516
  1.7285  6.28539782
  1.733  6.32177179
  1.7375  6.35781848
  1.742  6.39353933
  1.7465  6.42893583
  1.751  6.46400951
  1.7555  6.49876192
  1.76  6.53319467
  1.7645  6.56730938
  1.769  6.60110771
  1.7735  6.63459136
  1.778  6.66776204
  1.7825  6.7006215
  1.787  6.7331715
  1.7915  6.76541386
  1.796  6.79735037
  1.8005  6.82898289
  1.805  6.86031326
  1.8095  6.89134338
  1.814  6.92207513
  1.8185  6.95251042
  1.823  6.98265119
  1.8275  7.01249937
  1.832  7.04205693
  1.8365  7.07132583
  1.841  7.10030804
  1.8455  7.12900556
  1.85  7.15742039
  1.8545  7.18555453
  1.859  7.21341
  1.8635  7.24098882
  1.868  7.26829301
  1.8725  7.29532463
  1.877  7.32208569
  1.8815  7.34857824
  1.886  7.37480433
  1.8905  7.400766
  1.895  7.42646531
  1.8995  7.4519043
  1.904  7.47708502
  1.9085  7.50200953
  1.913  7.52667987
  1.9175  7.5510981
  1.922  7.57526626
  1.9265  7.59918639
  1.931  7.62286054
  1.9355  7.64629075
  1.94  7.66947905
  1.9445  7.69242747
  1.949  7.71513805
  1.9535  7.7376128
  1.958  7.75985374
  1.9625  7.78186288
  1.967  7.80364222
  1.9715  7.82519377
  1.976  7.84651952
  1.9805  7.86762145
  1.985  7.88850153
  1.9895  7.90916175
  1.994  7.92960406
  1.9985  7.94983041
  2.003  7.96984276
  2.0075  7.98964303
  2.012  8.00923315
  2.0165  8.02861506
  2.021  8.04779064
  2.0255  8.06676181
  2.03  8.08553045
  2.0345  8.10409844
  2.039  8.12246766
  2.0435  8.14063997
  2.048  8.1586172
  2.0525  8.17640121
  2.057  8.19399382
  2.0615  8.21139684
  2.066  8.22861209
  2.0705  8.24564135
  2.075  8.26248642
  2.0795  8.27914907
  2.084  8.29563105
  2.0885  8.31193411
  2.093  8.32806
  2.0975  8.34401044
  2.102  8.35978715
  2.1065  8.37539183
  2.111  8.39082616
  2.1155  8.40609183
  2.12  8.42119051
  2.1245  8.43612386
  2.129  8.4508935
  2.1335  8.46550108
  2.138  8.47994822
  2.1425  8.49423652
  2.147  8.50836757
  2.1515  8.52234297
  2.156  8.53616427
  2.1605  8.54983304
  2.165  8.56335082
  2.1695  8.57671915
  2.174  8.58993955
  2.1785  8.60301353
  2.183  8.61594259
  2.1875  8.6287282
  2.192  8.64137185
  2.1965  8.65387499
  2.201  8.66623908
  2.2055  8.67846554
  2.21  8.6905558
  2.2145  8.70251129
  2.219  8.71433339
  2.2235  8.72602349
  2.228  8.73758297
  2.2325  8.7490132
  2.237  8.76031552
  2.2415  8.77149129
  2.246  8.78254182
  2.2505  8.79346843
  2.255  8.80427244
  2.2595  8.81495513
  2.264  8.82551778
  2.2685  8.83596167
  2.273  8.84628806
  2.2775  8.85649818
  2.282  8.86659329
  2.2865  8.8765746
  2.291  8.88644333
  2.2955  8.89620067
  2.3  8.90584783
  2.3045  8.91538598
  2.309  8.92481629
  2.3135  8.93413992
  2.318  8.94335801
  2.3225  8.9524717
  2.327  8.96148212
  2.3315  8.97039038
  2.336  8.97919759
  2.3405  8.98790483
  2.345  8.9965132
  2.3495  9.00502376
  2.354  9.01343757
  2.3585  9.0217557
  2.363  9.02997917
  2.3675  9.03810902
  2.372  9.04614627
  2.3765  9.05409194
  2.381  9.06194702
  2.3855  9.06971251
  2.39  9.07738938
  2.3945  9.08497861
  2.399  9.09248115
  2.4035  9.09989798
  2.408  9.10723001
  2.4125  9.11447819
  2.417  9.12164345
  2.4215  9.12872669
  2.426  9.13572883
  2.4305  9.14265075
  2.435  9.14949335
  2.4395  9.1562575
  2.444  9.16294407
  2.4485  9.16955393
  2.453  9.17608792
  2.4575  9.18254688
  2.462  9.18893166
  2.4665  9.19524307
  2.471  9.20148193
  2.4755  9.20764906
  2.48  9.21374524
  2.4845  9.21977128
  2.489  9.22572795
  2.4935  9.23161603
  2.498  9.23743629
  2.5025  9.24318949
  2.507  9.24887637
  2.5115  9.25449769
  2.516  9.26005417
  2.5205  9.26554654
  2.525  9.27097553
  2.5295  9.27634185
  2.534  9.2816462
  2.5385  9.28688927
  2.543  9.29207177
  2.5475  9.29719436
  2.552  9.30225774
  2.5565  9.30726255
  2.561  9.31220948
  2.5655  9.31709916
  2.57  9.32193225
  2.5745  9.32670938
  2.579  9.33143119
  2.5835  9.33609831
  2.588  9.34071136
  2.5925  9.34527094
  2.597  9.34977766
  2.6015  9.35423213
  2.606  9.35863494
  2.6105  9.36298667
  2.615  9.36728791
  2.6195  9.37153922
  2.624  9.37574118
  2.6285  9.37989435
  2.633  9.38399928
  2.6375  9.38805652
  2.642  9.39206662
  2.6465  9.39603012
  2.651  9.39994754
  2.6555  9.40381941
  2.66  9.40764625
  2.6645  9.41142858
  2.669  9.4151669
  2.6735  9.41886172
  2.678  9.42251353
  2.6825  9.42612284
  2.687  9.42969011
  2.6915  9.43321584
  2.696  9.4367005
  2.7005  9.44014457
  2.705  9.4435485
  2.7095  9.44691276
  2.714  9.4502378
  2.7185  9.45352408
  2.723  9.45677203
  2.7275  9.4599821
  2.732  9.46315472
  2.7365  9.46629033
  2.741  9.46938935
  2.7455  9.4724522
  2.75  9.4754793
  2.7545  9.47847105
  2.759  9.48142788
  2.7635  9.48435016
  2.768  9.48723832
  2.7725  9.49009273
  2.777  9.4929138
  2.7815  9.49570189
  2.786  9.4984574
  2.7905  9.5011807
  2.795  9.50387216
  2.7995  9.50653215
  2.804  9.50916104
  2.8085  9.51175917
  2.813  9.51432691
  2.8175  9.51686462
  2.822  9.51937262
  2.8265  9.52185128
  2.831  9.52430093
  2.8355  9.5267219
  2.84  9.52911453
  2.8445  9.53147915
  2.849  9.53381607
  2.8535  9.53612563
  2.858  9.53840814
  2.8625  9.5406639
  2.867  9.54289324
  2.8715  9.54509646
  2.876  9.54727386
  2.8805  9.54942574
  2.885  9.5515524
  2.8895  9.55365413
  2.894  9.55573121
  2.8985  9.55778395
  2.903  9.55981261
  2.9075  9.56181748
  2.912  9.56379883
  2.9165  9.56575695
  2.921  9.56769209
  2.9255  9.56960452
  2.93  9.57149452
  2.9345  9.57336234
  2.939  9.57520824
  2.9435  9.57703247
  2.948  9.57883529
  2.9525  9.58061694
  2.957  9.58237768
  2.9615  9.58411774
  2.966  9.58583737
  2.9705  9.58753681
  2.975  9.58921628
  2.9795  9.59087603
  2.984  9.59251628
  2.9885  9.59413726
  2.993  9.5957392
  2.9975  9.59732231
  3.002  9.59888682
  3.0065  9.60043294
  3.011  9.6019609
  3.0155  9.60347089
  3.02  9.60496314
  3.0245  9.60643784
  3.029  9.6078952
  3.0335  9.60933543
  3.038  9.61075873
  3.0425  9.61216529
  3.047  9.6135553
  3.0515  9.61492897
  3.056  9.61628649
  3.0605  9.61762803
  3.065  9.6189538
  3.0695  9.62026396
  3.074  9.62155871
  3.0785  9.62283823
  3.083  9.6241027
  3.0875  9.62535228
  3.092  9.62658716
  3.0965  9.6278075
  3.101  9.62901349
  3.1055  9.63020527
  3.11  9.63138303
  3.1145  9.63254693
  3.119  9.63369712
  3.1235  9.63483377
  3.128  9.63595704
  3.1325  9.63706708
  3.137  9.63816405
  3.1415  9.6392481
  3.146  9.64031939
  3.1505  9.64137806
  3.155  9.64242426
  3.1595  9.64345813
  3.164  9.64447983
  3.1685  9.64548949
  3.173  9.64648726
  3.1775  9.64747328
  3.182  9.64844767
  3.1865  9.64941059
  3.191  9.65036216
  3.1955  9.65130252
  3.2  9.65223179
  3.2045  9.65315012
  3.209  9.65405762
  3.2135  9.65495443
  3.218  9.65584066
  3.2225  9.65671646
  3.227  9.65758192
  3.2315  9.65843719
  3.236  9.65928237
  3.2405  9.66011759
  3.245  9.66094296
  3.2495  9.6617586
  3.254  9.66256463
  3.2585  9.66336115
  3.263  9.66414828
  3.2675  9.66492613
  3.272  9.6656948
  3.2765  9.66645441
  3.281  9.66720506
  3.2855  9.66794686
  3.29  9.66867991
  3.2945  9.66940431
  3.299  9.67012017
  3.3035  9.67082758
  3.308  9.67152665
  3.3125  9.67221748
  3.317  9.67290015
  3.3215  9.67357477
  3.326  9.67424143
  3.3305  9.67490023
  3.335  9.67555125
  3.3395  9.67619459
  3.344  9.67683034
  3.3485  9.67745859
  3.353  9.67807943
  3.3575  9.67869293
  3.362  9.6792992
  3.3665  9.67989832
  3.371  9.68049036
  3.3755  9.68107542
  3.38  9.68165357
  3.3845  9.6822249
  3.389  9.68278949
  3.3935  9.68334741
  3.398  9.68389874
  3.4025  9.68444357
  3.407  9.68498197
  3.4115  9.68551401
  3.416  9.68603977
  3.4205  9.68655932
  3.425  9.68707274
  3.4295  9.6875801
  3.434  9.68808147
  3.4385  9.68857691
  3.443  9.68906651
  3.4475  9.68955033
  3.452  9.69002844
  3.4565  9.6905009
  3.461  9.69096778
  3.4655  9.69142915
  3.47  9.69188507
  3.4745  9.69233561
  3.479  9.69278082
  3.4835  9.69322078
  3.488  9.69365554
  3.4925  9.69408517
  3.497  9.69450972
  3.5015  9.69492926
  3.506  9.69534385
  3.5105  9.69575354
  3.515  9.69615839
  3.5195  9.69655845
  3.524  9.6969538
  3.5285  9.69734447
  3.533  9.69773053
  3.5375  9.69811202
  3.542  9.69848901
  3.5465  9.69886155
  3.551  9.69922969
  3.5555  9.69959348
  3.56  9.69995297
  3.5645  9.70030821
  3.569  9.70065926
  3.5735  9.70100616
  3.578  9.70134896
  3.5825  9.70168771
  3.587  9.70202245
  3.5915  9.70235325
  3.596  9.70268013
  3.6005  9.70300316
  3.605  9.70332236
  3.6095  9.7036378
  3.614  9.7039495
  3.6185  9.70425753
  3.623  9.70456191
  3.6275  9.7048627
  3.632  9.70515993
  3.6365  9.70545365
  3.641  9.7057439
  3.6455  9.70603072
  3.65  9.70631415
  3.6545  9.70659423
  3.659  9.706871
  3.6635  9.7071445
  3.668  9.70741477
  3.6725  9.70768185
  3.677  9.70794576
  3.6815  9.70820656
  3.686  9.70846428
  3.6905  9.70871895
  3.695  9.70897061
  3.6995  9.70921929
  3.704  9.70946504
  3.7085  9.70970788
  3.713  9.70994785
  3.7175  9.71018499
  3.722  9.71041932
  3.7265  9.71065088
  3.731  9.71087971
  3.7355  9.71110583
  3.74  9.71132927
  3.7445  9.71155008
  3.749  9.71176828
  3.7535  9.71198389
  3.758  9.71219696
  3.7625  9.71240751
  3.767  9.71261557
  3.7715  9.71282117
  3.776  9.71302434
  3.7805  9.71322511
  3.785  9.71342351
  3.7895  9.71361956
  3.794  9.71381329
  3.7985  9.71400473
  3.803  9.71419391
  3.8075  9.71438085
  3.812  9.71456558
  3.8165  9.71474813
  3.821  9.71492852
  3.8255  9.71510677
  3.83  9.71528292
  3.8345  9.71545699
  3.839  9.715629
  3.8435  9.71579897
  3.848  9.71596694
  3.8525  9.71613292
  3.857  9.71629693
  3.8615  9.71645901
  3.866  9.71661917
  3.8705  9.71677744
  3.875  9.71693384
  3.8795  9.71708838
  3.884  9.7172411
  3.8885  9.71739202
  3.893  9.71754115
  3.8975  9.71768851
  3.902  9.71783413
  3.9065  9.71797804
  3.911  9.71812024
  3.9155  9.71826075
  3.92  9.71839961
  3.9245  9.71853683
  3.929  9.71867242
  3.9335  9.71880641
  3.938  9.71893881
  3.9425  9.71906965
  3.947  9.71919894
  3.9515  9.7193267
  3.956  9.71945295
  3.9605  9.71957771
  3.965  9.719701
  3.9695  9.71982282
  3.974  9.71994321
  3.9785  9.72006217
  3.983  9.72017972
  3.9875  9.72029589
  3.992  9.72041068
  3.9965  9.72052411
  4.001  9.7206362
  4.0055  9.72074697
  4.01  9.72085642
  4.0145  9.72096458
  4.019  9.72107146
  4.0235  9.72117708
  4.028  9.72128145
  4.0325  9.72138459
  4.037  9.7214865
  4.0415  9.72158721
  4.046  9.72168673
  4.0505  9.72178507
  4.055  9.72188225
  4.0595  9.72197828
  4.064  9.72207317
  4.0685  9.72216694
  4.073  9.7222596
  4.0775  9.72235117
  4.082  9.72244165
  4.0865  9.72253107
  4.091  9.72261942
  4.0955  9.72270673
  4.1  9.72279301
  4.1045  9.72287827
  4.109  9.72296251
  4.1135  9.72304577
  4.118  9.72312803
  4.1225  9.72320933
  4.127  9.72328966
  4.1315  9.72336904
  4.136  9.72344749
  4.1405  9.723525
  4.145  9.7236016
  4.1495  9.7236773
  4.154  9.72375209
  4.1585  9.72382601
  4.163  9.72389905
  4.1675  9.72397122
  4.172  9.72404254
  4.1765  9.72411302
  4.181  9.72418266
  4.1855  9.72425148
  4.19  9.72431949
  4.1945  9.72438669
  4.199  9.7244531
  4.2035  9.72451872
  4.208  9.72458357
  4.2125  9.72464764
  4.217  9.72471096
  4.2215  9.72477354
  4.226  9.72483537
  4.2305  9.72489647
  4.235  9.72495684
  4.2395  9.72501651
  4.244  9.72507546
  4.2485  9.72513372
  4.253  9.72519129
  4.2575  9.72524818
  4.262  9.7253044
  4.2665  9.72535995
  4.271  9.72541484
  4.2755  9.72546909
  4.28  9.72552269
  4.2845  9.72557566
  4.289  9.725628
  4.2935  9.72567973
  4.298  9.72573084
  4.3025  9.72578135
  4.307  9.72583126
  4.3115  9.72588058
  4.316  9.72592931
  4.3205  9.72597747
  4.325  9.72602506
  4.3295  9.72607209
  4.334  9.72611856
  4.3385  9.72616448
  4.343  9.72620985
  4.3475  9.72625469
  4.352  9.726299
  4.3565  9.72634279
  4.361  9.72638606
  4.3655  9.72642881
  4.37  9.72647106
  4.3745  9.72651282
  4.379  9.72655407
  4.3835  9.72659484
  4.388  9.72663513
  4.3925  9.72667494
  4.397  9.72671427
  4.4015  9.72675315
  4.406  9.72679156
  4.4105  9.72682952
  4.415  9.72686703
  4.4195  9.7269041
  4.424  9.72694072
  4.4285  9.72697692
  4.433  9.72701268
  4.4375  9.72704803
  4.442  9.72708295
  4.4465  9.72711746
  4.451  9.72715157
  4.4555  9.72718527
  4.46  9.72721857
  4.4645  9.72725148
  4.469  9.72728399
  4.4735  9.72731613
  4.478  9.72734788
  4.4825  9.72737926
  4.487  9.72741027
  4.4915  9.72744091
  4.496  9.72747118
  4.5005  9.7275011
  4.505  9.72753067
  4.5095  9.72755988
  4.514  9.72758875
  4.5185  9.72761728
  4.523  9.72764547
  4.5275  9.72767333
  4.532  9.72770085
  4.5365  9.72772806
  4.541  9.72775494
  4.5455  9.7277815
  4.55  9.72780775
  4.5545  9.72783368
  4.559  9.72785931
  4.5635  9.72788464
  4.568  9.72790967
  4.5725  9.7279344
  4.577  9.72795884
  4.5815  9.72798299
  4.586  9.72800685
  4.5905  9.72803043
  4.595  9.72805374
  4.5995  9.72807676
  4.604  9.72809952
  4.6085  9.728122
  4.613  9.72814422
  4.6175  9.72816618
  4.622  9.72818787
  4.6265  9.72820931
  4.631  9.7282305
  4.6355  9.72825144
  4.64  9.72827212
  4.6445  9.72829257
  4.649  9.72831277
  4.6535  9.72833273
  4.658  9.72835246
  4.6625  9.72837195
  4.667  9.72839121
  4.6715  9.72841025
  4.676  9.72842906
  4.6805  9.72844764
  4.685  9.72846601
  4.6895  9.72848416
  4.694  9.72850209
  4.6985  9.72851982
  4.703  9.72853733
  4.7075  9.72855463
  4.712  9.72857174
  4.7165  9.72858863
  4.721  9.72860533
  4.7255  9.72862183
  4.73  9.72863814
  4.7345  9.72865425
  4.739  9.72867017
  4.7435  9.72868591
  4.748  9.72870146
  4.7525  9.72871682
  4.757  9.728732
  4.7615  9.728747
  4.766  9.72876183
  4.7705  9.72877648
  4.775  9.72879096
  4.7795  9.72880526
  4.784  9.7288194
  4.7885  9.72883336
  4.793  9.72884717
  4.7975  9.72886081
  4.802  9.72887429
  4.8065  9.7288876
  4.811  9.72890077
  4.8155  9.72891377
  4.82  9.72892662
  4.8245  9.72893932
  4.829  9.72895187
  4.8335  9.72896427
  4.838  9.72897653
  4.8425  9.72898864
  4.847  9.7290006
  4.8515  9.72901243
  4.856  9.72902411
  4.8605  9.72903566
  4.865  9.72904707
  4.8695  9.72905834
  4.874  9.72906948
  4.8785  9.72908049
  4.883  9.72909137
  4.8875  9.72910212
  4.892  9.72911275
  4.8965  9.72912325
  4.901  9.72913362
  4.9055  9.72914387
  4.91  9.729154
  4.9145  9.72916401
  4.919  9.7291739
  4.9235  9.72918367
  4.928  9.72919333
  4.9325  9.72920288
  4.937  9.72921231
  4.9415  9.72922163
  4.946  9.72923084
  4.9505  9.72923994
  4.955  9.72924893
  4.9595  9.72925782
  4.964  9.7292666
  4.9685  9.72927528
  4.973  9.72928385
  4.9775  9.72929232
  4.982  9.7293007
  4.9865  9.72930897
  4.991  9.72931715
  4.9955  9.72932523
  5.  9.72933321
